3527 
191 
326 
57 
51 
17 
153 
79 
62 
36 
262 
3 
3 
0 
13 
4 
5 
0 
4 
5 
4 
0 
4 
5 
4 
0 
4 
5 
5 
0 
5 
4 
4 
0 
3 
4 
5 
0 
4 
5 
4 
0 
3 
5 
4 
5 
0 
5 
4 
4 
0 
5 
5 
6 
0 
5 
4 
4 
0 
5 
4 
5 
0 
5 
5 
0 
5 
4 
4 
0 
5 
0 
5 
4 
0 
5 
0 
3 
5 
0 
4 
0 
4 
4 
0 
4 
0 
4 
5 
0 
4 
174 
27 
4 
28 
4 
4 
24 
20 
25 
16 
50 
5 
5 
5 
5 
89 
4 
3 
44 
178 
62 
20 
5 
4 
39 
169 
29 
38 
4 
285 
165 
104 
41 
0 
4 
28 
91 
33 
105 
5 
36 
34 
157 
6 
0 
5 
0 
6 
0 
5 
29 
0 
6 
0 
6 
5 
4 
6 
75 
27 
4 
22 
5 
4 
0 
5 
5 
0 
4 
0 
5 
0 
5 
4 
5 
0 
5 
0 
4 
15 
5 
17 
57 
0 
4 
5 
4 
61 
67 
64 
73 
82 
64 
49 
5 
5 
0 
5 
25 
0 
5 
0 
87 
5 
5 
6 
5 
127 
