3146 
18 
Game Start 
Game Start 
17237 
1 
46 
0 
4 
1 
0 
1 
1 
0 
2 
0 
4 
0 
4 
0 
2 
0 
9 
3 
81 
5 
0 
4 
0 
3 
0 
6 
0 
4 
0 
4 
0 
3 
0 
4 
0 
6 
6 
0 
0 
2 
0 
4 
5 
0 
0 
5 
0 
4 
41 
0 
4 
0 
0 
4 
0 
7 
5 
6 
20 
0 
3 
0 
420 
7 
8 
5 
0 
155 
4 
5 
100 
6 
3 
2 
4 
3 
0 
4 
4 
0 
3 
0 
0 
2 
0 
0 
4 
4 
0 
3 
0 
5 
0 
4 
4 
0 
4 
0 
3 
4 
0 
3 
0 
5 
125 
0 
278 
0 
489 
0 
3 
0 
4 
0 
3 
3 
0 
0 
5 
0 
211 
0 
4 
0 
0 
5 
54 
0 
4 
0 
0 
5 
4 
3 
3 
0 
6 
5 
0 
4 
3 
4 
6 
6 
0 
3 
0 
3 
0 
0 
5 
0 
4 
0 
6 
0 
7 
0 
0 
0 
2 
0 
6 
0 
0 
0 
4 
0 
0 
3 
4 
3 
0 
0 
3 
5 
0 
0 
0 
4 
5 
0 
0 
92 
3 
0 
6 
0 
5 
0 
3 
0 
4421 
14 
4827 
30 
76 
33 
6 
3 
0 
0 
6 
0 
0 
3 
0 
0 
4 
0 
0 
4 
0 
0 
5 
0 
0 
5 
0 
0 
3 
0 
0 
4 
0 
0 
4 
3 
0 
3 
0 
2 
0 
3 
0 
4 
0 
5 
0 
0 
3 
5 
2577 
0 
5 
5 
3 
4 
4 
0 
0 
0 
2 
4 
0 
5 
4 
0 
49 
6 
0 
4 
0 
4 
23 
5 
3 
0 
5 
0 
76 
0 
3 
0 
4 
3 
0 
6 
0 
6 
0 
5 
0 
4 
111 
3 
3 
4 
0 
6 
5 
0 
0 
0 
4 
0 
6 
4 
3 
0 
5 
4 
5 
0 
4 
0 
0 
3 
0 
4 
0 
5 
0 
5 
0 
6 
0 
4 
0 
4 
0 
6 
0 
11 
4 
67 
0 
0 
4 
0 
5 
5 
0 
4 
0 
4 
4 
0 
0 
5 
0 
4 
0 
13665 
1078 
558 
260 
1973 
835 
Game Start 
3291 
2 
2 
5 
3 
20 
4 
4 
0 
7 
0 
0 
7 
0 
8 
0 
10 
5 
0 
0 
3 
0 
3 
0 
4 
4 
0 
2 
3 
0 
5 
0 
0 
6 
2 
5 
0 
2 
4 
5 
0 
0 
4 
4 
5 
0 
0 
2 
3 
0 
0 
4 
0 
5 
0 
4 
4 
0 
0 
6 
0 
5 
4 
0 
0 
0 
4 
0 
0 
0 
6 
4 
2 
0 
3 
0 
2 
0 
0 
0 
3 
0 
0 
0 
2 
0 
3 
0 
23 
5 
0 
0 
3 
5 
5 
3 
0 
5 
0 
0 
3 
0 
5 
4 
0 
0 
4 
0 
22 
0 
3 
0 
3 
0 
0 
3 
2 
3 
4 
0 
2 
0 
3 
0 
5 
5 
0 
0 
6 
0 
0 
5 
0 
4 
0 
0 
5 
0 
3 
0 
3 
0 
4 
51 
0 
3 
5 
0 
0 
5 
5 
11 
2 
0 
0 
5 
0 
4 
0 
4 
0 
4 
4 
8 
0 
5 
0 
0 
3 
0 
0 
7 
122 
0 
6 
0 
20 
4 
0 
4 
4 
0 
5 
5 
3 
0 
4 
0 
0 
5 
0 
7 
0 
0 
396 
4 
3 
3 
1 
4 
4 
4 
3 
4 
0 
0 
7 
7 
0 
0 
3 
0 
4 
4 
0 
0 
4 
0 
0 
0 
4 
0 
8 
0 
6 
0 
4 
4 
0 
5 
2214 
3 
0 
0 
3 
0 
4 
0 
5 
0 
3 
0 
0 
4 
3 
4 
0 
5 
0 
3 
3 
3 
0 
0 
4 
0 
6 
8112 
26 
5 
3 
2 
2 
4 
5 
44 
48 
5 
4 
34 
5 
3 
3 
0 
4 
0 
5 
0 
0 
5 
0 
0 
3 
0 
0 
3 
6 
0 
4 
4 
0 
0 
3 
0 
0 
4 
0 
4 
0 
0 
3 
0 
4 
0 
6 
0 
7 
0 
0 
5 
0 
3 
3 
0 
8 
5 
0 
0 
2 
0 
0 
0 
2 
0 
3 
0 
4 
0 
0 
4 
0 
4 
3 
0 
6 
0 
0 
6 
6 
6 
0 
102 
2 
4 
5 
0 
4 
0 
4 
0 
4 
3 
0 
0 
3 
0 
0 
4 
0 
0 
3 
6 
0 
0 
5 
0 
4 
0 
4 
4 
0 
4 
0 
4 
0 
0 
0 
4 
4 
16 
3 
0 
10 
6 
4 
0 
4 
0 
0 
3 
0 
3 
0 
0 
4 
0 
0 
4 
0 
7 
6 
0 
0 
3 
27 
0 
3 
2 
0 
4 
0 
3 
0 
3 
4 
0 
0 
4 
6 
0 
5 
2 
0 
0 
3 
0 
0 
4 
0 
7 
6 
0 
4 
0 
3 
0 
0 
6 
0 
2 
5 
0 
4 
5 
0 
0 
2 
0 
0 
7 
0 
0 
5 
5 
0 
0 
3 
0 
0 
6 
0 
6 
7 
0 
7 
0 
21537 
