4362 
3 
688 
Game Start 
3540 
3 
2 
0 
2 
0 
0 
3 
0 
3 
5 
5 
3 
0 
0 
5 
0 
3 
0 
0 
3 
0 
0 
0 
5 
0 
0 
4 
0 
0 
0 
4 
0 
8 
0 
4 
0 
3 
0 
5 
0 
0 
5 
5 
0 
4 
0 
5 
3 
0 
0 
0 
4 
0 
0 
0 
4 
0 
5 
35 
3 
0 
0 
2 
0 
6 
0 
5 
0 
4 
3 
0 
43 
0 
0 
4 
0 
5 
0 
0 
5 
0 
0 
4 
3 
0 
5 
0 
0 
5 
0 
0 
5 
5 
4 
0 
0 
0 
3 
0 
6 
178 
5 
0 
4 
0 
313 
0 
5 
4 
3 
205 
0 
4 
4 
72 
4 
0 
6 
0 
7 
6 
5 
0 
3 
4 
0 
3 
0 
3 
3 
5 
0 
6 
0 
4 
0 
5 
0 
3 
5 
0 
4 
0 
0 
3 
0 
0 
5 
6 
0 
0 
3 
0 
4 
0 
4 
0 
0 
0 
4 
0 
4 
0 
3 
4 
0 
5 
0 
0 
0 
4 
0 
0 
0 
3 
0 
0 
0 
4 
3 
3 
0 
0 
0 
3 
0 
0 
5 
5 
7 
0 
3 
0 
3 
0 
0 
0 
5 
0 
13 
33 
3 
3 
0 
0 
6 
0 
0 
4 
0 
5 
5 
0 
0 
8295 
4 
4 
5 
8 
7 
7 
7 
0 
0 
6 
27 
7 
0 
4 
0 
4 
0 
5 
0 
4 
0 
3 
0 
0 
0 
5 
0 
3 
0 
0 
0 
5 
0 
0 
4 
4 
3 
7 
4 
0 
3 
4 
0 
0 
7 
0 
3 
69 
0 
5 
0 
0 
6 
4 
0 
4 
0 
3 
0 
0 
3 
0 
3 
0 
5 
5 
0 
4 
0 
0 
0 
6 
0 
3 
1977 
8 
0 
3 
0 
5 
0 
6 
0 
8 
0 
0 
8 
0 
0 
4 
2 
4 
0 
0 
5 
0 
0 
7 
123 
0 
3 
0 
5 
0 
7 
0 
4 
0 
0 
4 
4 
4 
0 
4 
0 
4 
0 
0 
4 
5 
0 
5 
4 
0 
0 
3 
5 
0 
3 
94 
5 
0 
3 
0 
3 
0 
0 
6 
0 
5 
0 
0 
6655 
16 
3 
5 
4 
5233 
4 
862 
316 
139 
71 
72 
134 
Game Start 
2943 
4 
4 
4 
4 
4 
0 
7 
0 
0 
5 
0 
5 
3 
0 
5 
0 
0 
5 
5 
0 
0 
5 
0 
3 
4 
0 
5 
0 
5 
0 
5 
0 
4 
5 
0 
0 
4 
4 
0 
0 
6 
0 
7 
0 
6 
0 
4 
4 
3 
3 
0 
0 
3 
0 
4 
0 
0 
0 
3 
0 
4 
0 
5 
6 
0 
4 
4 
0 
0 
5 
5 
0 
4 
4 
0 
6 
0 
0 
0 
6 
0 
0 
5 
0 
0 
4 
0 
5 
0 
0 
9 
4 
0 
8 
5 
8 
5 
3 
0 
4 
4 
0 
0 
5 
7 
0 
0 
6 
4 
0 
3 
0 
4 
0 
2 
0 
0 
3 
4 
4 
0 
0 
3 
0 
4 
0 
4 
4 
4 
40 
0 
8 
0 
0 
7 
0 
130 
5 
3 
4 
0 
3 
0 
4 
6 
0 
0 
0 
5 
0 
4 
0 
3 
0 
36 
0 
0 
4 
0 
5 
0 
5 
4 
0 
3 
0 
0 
4 
4 
13 
3 
0 
3 
0 
5 
5 
4 
0 
4 
4 
0 
5 
0 
0 
4 
0 
0 
6 
0 
4 
0 
0 
0 
3 
0 
0 
0 
5 
0 
0 
4 
0 
0 
3 
0 
0 
5 
6 
0 
5 
0 
0 
0 
0 
4 
0 
3 
3 
0 
5 
0 
3 
0 
0 
7 
7 
0 
7 
5 
4 
0 
43 
0 
0 
5 
0 
0 
7 
0 
6 
0 
0 
789 
5 
4 
5 
798 
68 
1373 
42 
7 
17 
1002 
39 
2 
357 
5 
2540 
3 
7 
51 
7 
4 
4 
5 
4 
5 
6 
0 
4 
0 
4 
0 
3 
7 
5 
0 
5 
0 
0 
0 
5 
0 
0 
4 
0 
4 
0 
5 
0 
5 
0 
5 
5 
0 
0 
8 
0 
6 
28 
38 
0 
4 
2133 
7 
0 
4 
3 
5 
0 
0 
7 
0 
6 
0 
4 
4 
0 
4 
0 
0 
5 
4 
0 
5 
4 
0 
4 
0 
0 
4 
0 
0 
7 
4 
0 
0 
3 
0 
0 
0 
4 
0 
3 
0 
4 
0 
0 
8 
6 
7 
0 
6 
0 
5 
0 
0 
4 
0 
0 
6 
0 
6 
0 
3 
4 
0 
0 
4 
0 
0 
5 
0 
5 
0 
0 
4 
4 
0 
5 
0 
4 
0 
5 
0 
5 
5 
2 
0 
0 
0 
8 
5 
0 
0 
3 
0 
4 
0 
0 
7 
0 
10405 
