6819 
3 
4 
2 
4 
5 
3 
2 
3 
247 
1777 
598 
338 
31 
143 
465 
1432 
8 
3 
9043 
0 
7 
74 
4 
0 
213 
10 
65 
111 
81 
46 
38 
24 
49 
22 
74 
32 
4 
27 
0 
4 
0 
5 
4 
3 
0 
4 
191 
27 
64 
27 
10 
33 
155 
60 
38 
63 
76 
107 
108 
103 
0 
84 
0 
667 
3 
3 
0 
3 
3 
78 
52 
169 
3 
2 
51 
71 
0 
3 
22 
36 
100 
114 
85 
62 
74 
34 
30 
17 
514 
177 
24 
23 
30 
3 
3 
0 
2 
34 
72 
28 
58 
3 
0 
29 
69 
6 
61 
30 
15 
63 
124 
3 
6 
0 
9 
59 
656 
315 
765 
8 
0 
3 
2 
0 
3 
0 
36 
89 
34 
4 
344 
2 
0 
0 
4 
108 
3 
4 
169 
7 
5 
168 
4 
180 
54 
13 
93 
114 
88 
2500 
5 
3 
0 
2 
0 
3 
0 
5 
0 
4 
0 
67 
5 
9 
0 
8 
4 
5 
0 
3 
0 
5 
44 
4 
0 
5 
0 
5 
69 
71 
3 
0 
4 
418 
0 
4 
43 
4 
0 
4 
3 
0 
3 
607 
3 
0 
5 
5100 
3 
3151 
4 
663 
5 
223 
5 
3 
3 
0 
5 
0 
7 
0 
5 
0 
3 
4 
21 
492 
0 
4 
278 
56 
28 
36 
32 
54 
69 
424 
4 
5 
20 
5 
135 
5 
5 
377 
5 
4 
413 
4 
1242 
3 
4 
61 
61 
619 
3 
659 
3 
4 
2 
3 
298 
52 
53 
3883 
3 
4 
8 
6 
622 
19 
12 
60 
4 
0 
26 
46 
22 
207 
86 
78 
77 
73 
60 
59 
40 
48 
65 
80 
4 
0 
18 
10 
41 
475 
1400 
478 
3 
5 
3 
3 
4 
510 
23 
5 
14 
2 
0 
4 
7 
3 
2 
60 
178 
87 
82 
223 
4 
48 
0 
167 
3 
0 
5 
0 
8 
0 
7 
7 
7 
0 
5 
0 
4 
4 
2 
172 
3 
5 
3 
124 
3 
5 
0 
4 
6 
3 
2 
3 
5 
0 
3 
0 
4 
0 
4 
2 
4 
4 
5 
0 
3 
4 
0 
5 
5 
5 
5 
0 
3 
0 
4 
0 
4 
2 
0 
3 
4 
3 
0 
5 
0 
3 
0 
2 
0 
4 
0 
5 
4 
0 
2 
2 
5 
6 
3 
3 
3 
3 
0 
2 
0 
4 
3 
0 
5 
2 
3 
4 
4 
4 
3 
5 
0 
5 
0 
14745 
1667 
35 
72 
338 
1079 
1334 
3276 
4 
2 
195 
4 
3 
4 
120 
3 
3 
0 
4 
3 
0 
94 
50 
51 
42 
266 
19 
19 
50 
164 
6 
3 
5 
3 
40 
29 
25 
53 
44 
5 
5 
4 
4 
64 
62 
12 
83 
192 
613 
594 
3 
5 
5 
7 
4 
29 
8 
3 
4 
180 
31 
161 
34 
5 
778 
8 
9 
245 
106 
137 
24 
10 
3 
164 
24 
59 
67 
145 
4 
3 
4 
28 
5 
6 
6 
17 
0 
4 
39 
369 
55 
51 
107 
35 
29 
48 
123 
44 
77 
87 
66 
83 
3 
0 
4 
49 
4 
5 
4 
167 
25 
463 
48 
138 
85 
72 
3 
8 
7 
7 
7 
111 
5 
24 
5 
5 
7 
7 
7 
8 
5 
4 
5 
0 
4 
0 
5 
29 
20 
52 
10061 
2 
3 
95 
7 
8 
7 
108 
0 
33 
62 
181 
36 
32 
300 
28 
48 
209 
161 
34 
12 
2 
4 
3 
5 
323 
8 
34 
5 
61 
5 
3 
15 
6 
5 
4 
31 
6 
6 
4 
29 
29 
6 
6 
19 
73 
23 
31 
674 
66 
110 
367 
8 
5 
29 
33 
7 
37 
18 
28 
34 
29 
60 
31 
60 
64 
211 
104 
5 
4 
219 
43 
22 
91 
59 
6 
3 
5 
112 
305 
63 
203 
41 
19 
4 
60 
83 
177 
263 
35 
21 
28 
21 
26 
53 
256 
520 
28 
36 
4 
6 
5 
4 
57 
9 
3 
4 
4 
259 
534 
40 
41 
29 
106 
15 
28 
41 
319 
31 
29 
57 
44 
30 
44 
49 
33 
91 
208 
364 
41 
52 
120 
87 
63 
38 
62 
8 
8 
17 
26 
22 
24 
23 
8 
7 
57 
15 
11 
45 
24 
62 
264 
150 
107 
6 
260 
68 
57 
87 
47 
4 
26 
40 
27 
38 
38 
54 
5 
106 
47 
49 
5 
6 
54 
86 
3 
74 
16 
126 
61 
66 
50 
61 
3 
5 
6 
0 
11 
11 
20 
208 
3 
6 
29 
58 
59 
64 
65 
51 
36 
39 
76 
56 
75 
67 
6041 
4181 
112 
644 
3 
451 
20 
17 
27 
141 
40 
298 
28 
33 
3 
5 
56 
19 
16 
28 
25 
17 
46 
52 
73 
5 
312 
55 
47 
50 
46 
53 
76 
19 
3 
29 
63 
194 
56 
56 
68 
77 
120 
113 
227 
3 
918 
18 
31 
5 
5 
85 
256 
36 
49 
50 
43 
4 
4 
5 
39 
84 
130 
44 
20 
46 
46 
15 
250 
17 
7 
4 
3 
120 
8 
83 
4 
4 
4 
67 
9 
33 
312 
143 
29 
5 
78 
478 
35 
66 
53 
670 
0 
3930 
91 
25 
56 
96 
85 
89 
192 
127 
90 
96 
0 
28 
33 
35 
34 
69 
32 
71 
56 
81 
28 
45 
57 
52 
299 
17 
16 
22 
157 
36 
33 
83 
47 
49 
5 
3 
5 
27 
82 
59 
58 
58 
72 
70 
36 
47 
61 
72 
55 
31 
36 
45 
69 
62 
50 
22 
54 
1874
2902 
