2964 
2 
14707 
2 
3 
4 
3 
2 
330 
2 
3 
3 
3 
4 
0 
0 
3 
0 
0 
3 
0 
3 
6 
7 
5 
0 
8 
0 
0 
2 
0 
3 
0 
3 
0 
2 
133 
4 
0 
4 
4 
5 
0 
3 
3 
0 
0 
0 
2 
3 
2 
4 
0 
4 
4 
4 
0 
0 
0 
3 
3 
4 
2 
69 
7 
71 
5 
0 
4 
0 
0 
6 
0 
0 
4 
0 
4 
4 
4 
4 
3 
4 
0 
7 
6 
0 
0 
3 
5 
0 
3 
6 
8 
0 
4 
0 
4 
3 
7 
0 
0 
4 
3 
0 
3 
0 
0 
3 
3 
3 
0 
0 
4 
0 
0 
0 
5 
0 
258 
0 
3 
0 
4 
0 
0 
0 
3 
0 
4 
2 
3 
3 
0 
2 
0 
2 
0 
0 
3 
0 
0 
0 
0 
3 
2 
4 
2 
0 
0 
0 
0 
4 
0 
3 
0 
3 
0 
0 
2 
0 
3 
4 
4 
0 
0 
0 
0 
3 
0 
4 
0 
0 
4 
0 
3 
0 
4 
0 
3 
0 
7 
7 
0 
0 
0 
4 
4 
4 
4 
0 
0 
186 
3 
4 
3 
0 
0 
128 
4 
3 
5 
0 
0 
3 
3 
4 
5 
0 
0 
3 
0 
3 
0 
4 
0 
6 
329 
2 
0 
0 
3 
0 
4576 
0 
346 
0 
1514 
4 
4 
3 
3 
3 
2 
5 
6 
4 
4 
3 
4 
4 
4 
3 
0 
0 
252 
4 
3 
3 
0 
0 
95 
4 
5 
4 
0 
5 
0 
4 
0 
3 
4 
3 
5 
0 
0 
0 
0 
4 
3 
4 
4 
0 
0 
4 
0 
4 
4 
224 
218 
5 
4 
0 
0 
4 
6 
6 
0 
3 
3 
3 
0 
0 
5 
3 
0 
4 
3 
5 
5 
4 
0 
0 
0 
4 
0 
0 
2 
4 
3 
5 
0 
0 
0 
4 
0 
3 
0 
3 
5 
5 
3 
3 
3 
3 
0 
4 
4 
2 
0 
7 
0 
0 
6 
5 
6 
4 
3 
0 
0 
2 
144 
4 
0 
0 
3 
0 
0 
3 
0 
3 
4 
4 
5 
5 
2 
4 
3 
4 
3 
3 
3 
0 
4 
0 
0 
0 
5 
0 
4 
4 
3 
5 
3 
5 
4 
0 
0 
0 
6 
0 
0 
3 
0 
5 
0 
6 
4 
4 
3 
50 
101 
0 
67 
168 
5 
0 
3 
0 
4 
2 
4 
4 
3 
6 
0 
3 
0 
0 
4 
0 
2693 
3 
39 
0 
2 
0 
0 
0 
2 
0 
3 
4 
4 
2 
3 
2 
0 
2 
2 
4 
3 
2 
2 
0 
0 
0 
4 
3 
2 
4 
2 
3 
2 
3 
0 
56 
3 
0 
0 
4 
0 
0 
5 
3 
3 
4 
2 
5 
8 
8 
6 
8 
7 
0 
6 
0 
7 
0 
3 
0 
3 
0 
84 
5 
4 
5 
5 
7 
6 
7 
3 
5 
4 
4 
3 
3 
2 
24825 
3216 
3306 
0 
3 
246 
4 
3 
3 
3 
0 
33 
151 
3 
69 
0 
0 
0 
4 
0 
3 
0 
6 
0 
2 
3 
3 
4 
4 
3 
0 
4 
0 
2 
0 
0 
5 
7 
4 
4 
3 
3 
4 
5 
4 
2 
5 
5 
0 
0 
3 
6 
3 
7 
4 
0 
0 
0 
4 
0 
4 
0 
0 
3 
7 
5 
0 
0 
0 
4 
6 
5 
5 
0 
2 
0 
0 
2 
3 
6 
121 
8 
62 
6 
0 
6 
0 
0 
0 
5 
0 
3 
0 
0 
3 
7 
5 
3 
4 
47 
0 
0 
0 
4 
0 
2 
5 
3 
5 
5 
4 
4 
0 
0 
0 
0 
4 
0 
0 
6 
0 
5 
0 
3 
3 
4 
3 
9 
4 
0 
6 
0 
4 
0 
0 
0 
3 
0 
0 
7 
6 
0 
0 
88 
153 
5 
5 
8 
5 
0 
0 
288 
0 
4 
0 
23 
864 
3 
3 
3 
5 
4 
3 
4 
0 
0 
0 
3 
5 
0 
5 
5 
2 
0 
0 
3 
0 
4 
0 
0 
5 
0 
4 
0 
4 
0 
3 
3 
3 
2 
0 
0 
2 
0 
50 
3 
3 
55 
29 
0 
0 
6 
7 
73 
49 
0 
20 
3 
6 
0 
0 
4 
4 
0 
5 
0 
1034 
3 
0 
0 
6 
4 
0 
3 
0 
349 
3 
5 
5 
3 
0 
0 
0 
5 
3 
4 
4 
8 
0 
0 
174 
0 
7 
6 
321 
41 
4 
5 
0 
0 
0 
5 
0 
0 
6 
0 
0 
3 
4 
3 
0 
4 
0 
0 
3 
0 
119 
3 
6 
3 
7 
3 
3 
0 
3 
140 
8 
6 
6 
1536 
0 
638 
0 
4997 
0 
5 
3 
0 
0 
2 
0 
0 
5 
0 
4 
4 
6 
0 
0 
3 
7 
4 
3 
0 
0 
0 
5 
1 
0 
0 
5 
0 
2 
2 
0 
3 
64 
5 
3 
4 
2 
4 
0 
0 
3 
225 
3 
0 
3 
0 
0 
4 
0 
0 
3 
5 
5 
4 
2 
5 
3 
4 
3 
5 
4 
0 
0 
0 
0 
6 
0 
0 
5 
0 
3 
3 
4 
4 
3 
0 
0 
4 
479 
3 
3 
0 
0 
6 
328 
4 
4 
3 
0 
0 
0 
6 
0 
0 
3 
3 
4 
5 
4 
4 
5 
5 
3 
4 
4 
2 
5 
4 
5 
0 
3 
0 
4 
4 
5 
4 
4 
3 
0 
0 
0 
3 
0 
3 
0 
0 
3 
0 
4 
4 
6 
0 
3 
57 
54 
5 
3 
4 
0 
3 
0 
127 
59 
0 
0 
0 
8 
6 
6 
0 
0 
5 
4 
5 
5 
4 
4 
4 
5 
0 
0 
3 
3 
4 
4 
3 
239 
4 
0 
3 
0 
5 
4 
2333 
3 
3 
4 
4 
0 
4 
0 
7 
0 
4 
0 
5 
3 
0 
3 
3 
0 
3 
5 
3 
0 
0 
2 
0 
5 
3 
3 
0 
302 
3 
0 
5 
3 
0 
4 
0 
5 
41 
6 
0 
321 
3 
232 
3 
3 
3 
0 
0 
0 
4 
0 
0 
5 
4 
4 
4 
4 
5 
0 
3 
0 
3 
0 
3 
0 
5 
4 
3 
0 
0 
3 
0 
0 
3 
0 
154 
3 
5 
3 
6 
3 
2 
5 
5 
4 
0 
2 
4 
5 
7 
4 
3 
0 
4 
0 
5 
3 
3 
5 
0 
0 
4 
3 
0 
5 
4 
0 
0 
0 
883 
0 
3 
0 
0 
0 
3 
0 
7390 
4 
3 
3 
4 
3 
4 
5 
3 
4 
4 
4 
4 
98 
4 
0 
0 
0 
6 
0 
0 
4 
4 
5 
6 
4 
0 
3 
0 
7 
6 
0 
0 
0 
5 
4 
4 
2 
3 
5 
4 
3 
0 
0 
0 
5 
4 
4 
5 
2 
5 
4 
4 
4 
3 
0 
3 
0 
4 
0 
0 
849 
4 
3 
4 
4 
0 
0 
3 
4 
0 
3 
0 
0 
3 
0 
3 
6 
6 
3 
4 
4 
3 
0 
6 
0 
3 
3 
4 
6 
6 
4 
0 
4 
0 
5 
4 
7 
7 
6 
4 
3 
0 
3 
0 
0 
5 
0 
3 
0 
3 
6 
3 
4 
4 
4 
4 
4 
10 
3 
0 
2 
3 
109 
0 
4 
0 
0 
2 
0 
0 
4 
244 
6 
6 
7 
0 
0 
0 
0 
4 
0 
4 
0 
5 
0 
3 
5 
3 
0 
3 
3 
3 
3 
4 
4 
90 
0 
0 
0 
0 
2 
0 
0 
3 
156 
0 
3 
4 
5 
4 
4 
3 
3 
3 
7 
3 
0 
0 
0 
4 
0 
0 
5 
0 
135 
3 
4 
5 
3 
0 
0 
0 
3 
0 
6 
0 
0 
4 
0 
4 
4 
3 
4 
3 
5 
0 
3 
2 
0 
0 
4 
0 
4 
4 
3 
4 
3 
62 
8 
4 
4 
5 
3 
5 
3 
63 
3 
4 
3 
0 
0 
0 
4 
0 
5 
0 
0 
4 
0 
3 
0 
4 
3 
4 
7 
3 
3 
3 
3 
6 
4 
4 
3 
2 
22 
16 
34 
6 
6 
5 
4 
86 
5 
4 
5 
7 
6 
28 
4 
0 
0 
3 
2 
5 
3 
5 
2 
4 
4 
2 
3 
2 
0 
4 
0 
0 
4 
5 
42 
2 
3 
4 
0 
2 
0 
0 
0 
4 
3 
0 
0 
3 
0 
5 
4 
3 
4 
0 
0 
0 
4 
0 
0 
5 
4 
8 
4 
4 
0 
0 
5 
4 
7 
0 
5 
0 
4 
4 
0 
0 
4 
8032 
