4202 
42 
597 
Game Start 
4801 
0 
15 
0 
82 
2 
0 
0 
519 
0 
6 
816 
0 
3 
748 
0 
401 
5 
4 
0 
217 
4 
4 
4 
86 
4 
4 
319 
0 
3 
224 
4 
0 
585 
3 
5 
5 
4 
198 
0 
379 
0 
5 
224 
7 
4 
27 
5 
5 
332 
3 
201 
3 
59 
80 
4 
0 
79 
25 
225 
0 
0 
632 
429 
0 
0 
68 
4 
286 
5 
5 
0 
39 
79 
2 
6 
5 
4 
328 
2 
516 
6 
0 
3 
3 
0 
5 
5 
5 
4 
0 
389 
0 
342 
4 
3 
132 
0 
4 
175 
0 
4 
231 
0 
2 
0 
66 
4 
0 
4 
513 
0 
3 
127 
3 
0 
175 
5 
0 
5 
0 
55 
4 
130 
6 
288 
0 
205 
5 
4 
8 
3 
5 
3 
4 
3 
4 
6 
6 
4 
3 
3 
4 
34 
4 
4 
3 
0 
6 
82 
0 
5 
100 
4 
5 
3 
206 
16 
5 
184 
4 
4 
2 
3 
4 
63 
0 
3 
356 
0 
249 
5 
5 
3 
3 
3 
0 
0 
0 
634 
0 
6 
487 
0 
14 
102 
4 
3 
4 
5 
5 
510 
0 
723 
3 
3 
4 
107 
0 
7 
0 
282 
0 
179 
4 
4 
155 
4 
0 
0 
275 
6 
5 
0 
3 
110 
4 
0 
5 
4 
7 
8 
131 
0 
3 
0 
209 
0 
0 
521 
7 
5 
5 
3 
5 
4 
5 
108 
0 
3 
201 
0 
318 
6 
3 
4 
0 
0 
6 
40 
19 
5 
2 
8619 
447 
0 
5 
343 
0 
363 
4 
68 
5 
158 
5 
0 
7 
119 
3 
4 
102 
185 
0 
739 
3 
4 
0 
0 
81 
3 
5 
31 
0 
271 
3 
0 
0 
272 
2 
389 
0 
0 
2 
0 
11 
3 
0 
4 
0 
27 
5 
4 
4 
0 
5 
5 
834 
4 
3 
7 
438 
0 
498 
2 
0 
5 
213 
0 
293 
0 
17 
0 
3 
3 
5 
10 
5 
180 
0 
4 
2 
2 
112 
4 
5 
308 
5 
4 
4 
5 
4 
5 
5 
187 
0 
413 
0 
4 
197 
0 
6 
12 
5 
3 
3 
3 
56 
4 
4 
4 
64 
5 
74 
18 
97 
4 
6 
559 
4 
3 
208 
2 
4 
5 
9 
3 
5 
26 
0 
753 
0 
3 
198 
5 
5 
6 
4 
245 
0 
205 
6 
4 
0 
0 
30 
19 
5 
0 
163 
0 
4 
5 
4 
3 
0 
4 
4 
0 
397 
0 
3 
153 
4 
5 
4 
4 
2 
0 
69 
0 
54 
2 
3 
4 
5 
7 
4 
2 
4 
0 
0 
530 
3 
0 
7 
5 
5 
74 
5 
7 
4 
3 
349 
5 
5 
4 
0 
3 
5 
198 
5 
0 
294 
0 
3 
127 
4 
4 
4 
3 
8 
274 
5 
0 
504 
0 
288 
4 
4 
3 
5 
5 
3 
4 
5 
342 
3 
5 
5 
4 
3 
6 
115 
0 
4 
449 
0 
3 
4 
5 
238 
5 
95 
4 
4 
0 
5 
7 
0 
6 
46 
23 
4 
279 
431 
0 
4 
0 
3 
0 
128 
0 
5 
4 
18 
5 
5 
6 
0 
49 
8 
430 
0 
0 
178 
3 
3 
3 
4 
0 
0 
4 
6 
0 
5 
0 
3 
3 
0 
7 
164 
3 
0 
7 
165 
3 
2 
206 
0 
3 
139 
0 
4 
107 
3 
5 
4 
2 
3 
220 
0 
441 
3 
0 
5 
0 
5 
6 
301 
51 
4 
0 
4 
344 
5 
4 
5 
4 
0 
4 
918 
3 
6 
7 
7 
4 
25 
8194 
11300 
1484 
461 
1050 
769 
3860 
0 
334 
0 
5 
25 
0 
124 
0 
4 
0 
37 
4 
0 
164 
2 
0 
3 
30 
3 
34 
4 
5 
6 
4 
3 
5 
4 
3 
5 
3 
42 
3 
7 
55 
55 
5 
4 
9 
5 
457 
3 
166 
3 
4 
262 
4 
699 
0 
540 
0 
274 
3 
0 
5 
5 
0 
6 
405 
3 
3 
3 
4 
0 
0 
3 
213 
0 
2 
223 
5 
5 
0 
3 
3 
4 
4 
3 
5 
5 
6 
4 
0 
50 
4 
0 
0 
8 
176 
80 
2 
3 
5 
6 
52 
0 
235 
5 
6 
6 
3 
0 
12 
28 
334 
2 
3 
3 
5 
3 
4 
6 
4 
5 
8 
0 
5 
15 
7 
0 
34 
4 
3 
5 
6 
0 
0 
8 
103 
5 
185 
1 
4 
0 
0 
3 
913 
0 
4 
836 
0 
3 
1096 
0 
2 
300 
0 
0 
4 
33 
0 
2 
3 
609 
0 
7 
525 
0 
0 
320 
0 
3 
0 
4 
0 
244 
3 
4 
2 
3 
90 
0 
6 
99 
3 
0 
6 
5 
4 
4 
4 
3 
90 
5 
214 
0 
4 
4 
70 
0 
5 
198 
0 
30 
5 
0 
2 
25 
70 
6 
524 
0 
3 
233 
0 
5 
348 
0 
4 
172 
0 
4 
0 
5 
1042 
3 
17 
222 
3 
0 
0 
3 
3 
9655 
7 
6 
7 
166 
0 
5 
568 
6 
0 
8 
263 
0 
1108 
4 
4 
0 
0 
404 
4 
0 
6 
461 
4 
5 
0 
3 
20 
4 
9 
296 
0 
4 
0 
0 
3 
0 
3 
107 
4 
5 
311 
0 
350 
4 
0 
4 
0 
30 
4 
4 
5 
4 
6 
59 
4 
0 
596 
3 
4 
4 
3 
0 
0 
4 
5 
5 
4 
0 
8 
0 
7 
0 
6 
7 
7 
0 
0 
6 
27 
103 
5 
3 
4 
4 
402 
4 
7 
452 
2 
2 
4 
4 
3 
4 
3 
57 
0 
331 
0 
6 
144 
4 
3 
2 
4 
4 
5 
5 
0 
5 
531 
3 
3 
192 
3 
0 
134 
2 
3 
3 
3 
3 
0 
0 
4 
3 
5 
3 
5 
0 
0 
3 
4 
36 
4 
0 
72 
6 
5 
4 
6 
5 
5 
3 
5 
7 
7 
8 
904 
0 
7 
174 
8 
187 
4 
0 
4 
148 
3 
0 
5 
223 
0 
6 
3 
0 
362 
0 
3 
0 
5 
0 
4 
3 
3 
4 
3 
0 
0 
0 
272 
4 
0 
4 
3 
0 
7 
6 
6 
0 
5 
4 
3 
5 
128 
0 
0 
7 
75 
4 
0 
360 
0 
171 
0 
4 
0 
217 
3 
4 
5 
5 
3 
2 
4 
5 
4 
4 
5 
5 
5 
4 
3 
4 
127 
5 
5 
3 
0 
4 
596 
2 
4 
4 
5 
146 
5 
4 
0 
0 
381 
0 
3 
223 
4 
4 
74 
4 
5 
5 
3 
4 
4 
3 
4 
76 
0 
7 
291 
0 
3 
479 
0 
6 
287 
0 
3 
878 
4 
374 
3 
0 
4 
325 
3 
3 
2 
0 
4 
3 
686 
0 
5 
4 
4 
382 
3 
4 
0 
6 
5 
7 
5 
0 
3 
0 
4 
17 
13160 
