3441 
3 
23781 
3383 
583 
971 
440 
648 
449 
10 
38 
50 
14 
12 
156 
141 
27 
65 
0 
75 
62 
65 
880 
322 
68 
4 
6 
4 
3 
94 
19 
16 
229 
4 
87 
71 
94 
4 
5 
27 
807 
57 
43 
5 
24 
17 
31 
88 
73 
6 
7 
233 
3 
213 
48 
5 
0 
4 
77 
32 
19 
4 
747 
16 
56 
76 
50 
75 
54 
264 
51 
278 
0 
12 
241 
0 
14 
165 
9 
34 
35 
63 
4 
5 
54 
0 
52 
5 
139 
0 
294 
0 
270 
3 
4 
4 
68 
48 
75 
32 
4 
6 
4 
267 
0 
373 
373 
22 
24 
72 
21 
59 
7 
561 
42 
4 
340 
4 
4 
76 
3 
183 
3 
4 
5 
45 
4 
371 
3 
3 
557 
449 
5 
0 
68 
670 
77 
61 
27 
66 
71 
66 
17 
3 
879 
67 
5 
662 
6 
3 
4 
386 
49 
4 
9 
47 
41 
82 
61 
28 
29 
47 
226 
42 
43 
42 
60 
4 
7 
34 
34 
4 
4 
84 
19 
28 
83 
2 
3 
3 
9 
3 
24 
3 
5483 
3843 
454 
472 
58 
54 
11 
0 
439 
4 
6 
142 
0 
36 
4 
0 
1255 
0 
5 
31 
31 
33 
5 
5 
143 
5 
58 
4 
22 
80 
41 
395 
53 
4 
0 
5 
4 
99 
6 
54 
30 
5 
3 
548 
6 
424 
6 
5 
2207 
2889 
0 
7 
0 
5 
0 
6 
8 
0 
4 
0 
265 
2 
1734 
3 
0 
50 
4 
139 
0 
66 
0 
4 
2 
20 
48 
0 
32 
33 
0 
124 
27 
24 
0 
5 
99 
58 
0 
2 
6 
4 
34 
118 
67 
13 
4287 
6 
268 
8 
317 
324 
190 
115 
180 
318 
144 
2024 
370 
0 
593 
4 
5 
5 
1575 
0 
4 
0 
29 
158 
54 
175 
48 
175 
5 
34 
3 
127 
4 
1827 
42 
11 
56 
4 
585 
6 
5 
135 
903 
1270 
3205 
2925 
3 
3 
471 
314 
21 
174 
3 
5 
130 
0 
3 
0 
3 
456 
57 
3 
0 
30 
45 
114 
61 
39 
48 
62 
49 
45 
3 
173 
76 
674 
28 
62 
4 
4 
35 
89 
34 
5 
40 
64 
6 
3 
4 
5 
4 
71 
73 
5 
786 
2 
2 
5 
5 
4 
0 
72 
5 
252 
87 
3 
0 
6 
9 
47 
13 
5 
4 
183 
35 
3 
20 
25 
11 
31 
3 
3 
6 
159 
14 
47 
0 
5 
2 
4 
256 
360 
4 
38 
7 
500 
0 
2 
0 
5 
28 
9 
152 
3 
88 
6 
17 
60 
5 
3 
4 
4 
5 
27 
4 
2150 
4 
3 
305 
4 
72 
0 
5 
3 
4 
0 
0 
31 
5 
3 
313 
5 
4 
0 
5 
10812 
8647 
1483 
216 
358 
706 
4967 
11 
4 
0 
5 
68 
0 
34 
210 
8 
317 
4 
826 
4 
2 
36 
27 
139 
69 
5 
4 
75 
0 
4 
17 
0 
37 
0 
189 
524 
138 
3 
100 
4 
587 
20 
34 
25 
51 
4 
5 
3 
231 
27 
56 
3 
5 
26 
32 
73 
40 
5 
1277 
38 
84 
0 
6 
0 
107 
22 
34 
0 
25 
59 
6 
5 
5 
4 
220 
26 
15 
70 
64 
44 
62 
0 
6 
82 
62 
46 
4 
30 
4 
199 
6 
4 
4 
3 
44 
51 
38 
8 
4 
0 
26 
4 
0 
3 
25 
4 
5 
95 
80 
68 
56 
131 
20 
45 
32 
142 
0 
25 
5 
244 
229 
228 
28 
35 
7 
5 
5 
61 
41 
5 
3 
0 
3 
72 
8 
0 
81 
4 
248 
4 
0 
56 
3 
266 
62 
46 
42 
42 
59 
55 
6 
0 
107 
44 
76 
39 
55 
5 
10132 
448 
25 
508 
450 
482 
111 
179 
0 
277 
0 
4 
31 
0 
3 
7 
8 
0 
48 
0 
17 
233 
0 
4 
3 
0 
3 
162 
0 
488 
0 
264 
0 
7 
421 
44 
5 
7 
44 
67 
130 
0 
2347 
2 
13 
2 
183 
0 
326 
0 
188 
0 
254 
2 
113 
0 
255 
0 
594 
0 
410 
0 
391 
3 
5 
71 
5 
0 
251 
4 
2 
0 
12 
3 
0 
5 
0 
21 
3 
4 
1097 
30 
6 
0 
2 
63 
203 
0 
155 
4 
125 
17 
3 
408 
6 
0 
6 
128 
377 
51 
96 
71 
58 
4 
0 
6 
0 
31 
58 
92 
32 
0 
42 
4 
731 
4 
0 
2 
18 
5 
0 
2 
37 
92 
4 
680 
45 
5 
5018 
3 
1961 
5 
2699 
879 
514 
1341 
3594 
794 
528 
3 
310 
31 
184 
3 
4 
588 
0 
23 
60 
4 
325 
4 
0 
39 
68 
29 
52 
5 
171 
23 
2 
977 
45 
6 
0 
3 
0 
34 
6 
0 
2 
42 
96 
4 
0 
3 
1050 
0 
2 
20 
3 
0 
70 
40 
51 
4 
0 
57 
5 
1274 
56 
4 
0 
15 
3 
55 
5 
0 
18 
5 
0 
7 
8 
0 
4 
72 
0 
35 
5 
18 
3 
4 
237 
4 
23 
7 
0 
4 
3 
5 
17345 
