5543 
3481 
0 
273 
4 
2 
0 
0 
431 
0 
436 
3 
428 
3 
0 
350 
9 
28 
4 
3 
4 
5 
166 
0 
5 
0 
5 
5 
0 
2 
0 
44 
43 
3 
24 
2 
5 
7 
4 
0 
3 
0 
0 
4 
0 
4 
0 
5 
4 
0 
3 
3 
5 
0 
3 
0 
4 
0 
3 
0 
0 
7 
0 
3 
0 
4 
0 
0 
6 
0 
8 
5 
4 
5 
3 
4 
5 
0 
5 
0 
5 
0 
3 
0 
34 
26 
0 
5 
0 
3 
3 
0 
4 
0 
0 
3 
0 
3 
0 
4 
97 
4 
4 
4 
5 
5 
4 
0 
3 
0 
0 
80 
0 
5 
4 
0 
0 
5 
6 
8 
5 
9 
4 
0 
205 
3 
0 
0 
4 
307 
0 
0 
4 
18 
6 
5 
4 
4 
0 
4 
5 
7 
42 
6 
5 
8 
50 
0 
5 
0 
4 
4 
3 
5 
0 
5 
6 
0 
3 
21 
4 
5 
5 
0 
0 
5 
6 
397 
2 
3 
228 
7 
0 
4 
0 
0 
4 
224 
7 
6 
6 
6 
0 
4 
4 
0 
4 
2 
5 
3 
3 
0 
0 
4 
191 
0 
5 
5 
5 
3 
3 
5 
5 
4 
3 
0 
4 
0 
4 
0 
5 
216 
3 
3 
3 
6 
5 
5 
4 
54 
0 
8 
5 
75 
0 
471 
0 
429 
5 
4 
6 
0 
730 
0 
609 
4 
0 
210 
0 
4 
3 
4 
4 
4 
5 
9 
5 
5 
292 
464 
4 
5 
4 
4 
5 
0 
4 
8 
0 
7 
0 
3 
3 
76 
30 
6 
6 
3 
3 
3 
0 
620 
0 
487 
0 
435 
0 
4 
350 
3 
5 
5 
0 
0 
225 
2 
4 
0 
5 
0 
5 
5 
6 
8 
6 
0 
7 
5 
504 
4 
0 
6 
5 
5 
3 
2 
2 
6 
3 
3 
0 
5 
338 
7 
0 
7 
0 
0 
3 
0 
3 
4 
3 
5 
4 
248 
4 
3 
3 
4 
0 
272 
3 
6 
7 
2992 
3 
3 
4 
0 
3 
4 
3 
0 
6 
3 
0 
2 
295 
318 
25 
0 
3426 
0 
270 
4 
5 
6 
0 
449 
0 
260 
3 
0 
4 
367 
58 
3 
623 
6 
0 
0 
624 
4 
0 
74 
6 
4 
246 
4 
17 
3 
4 
8 
5 
135 
25 
26 
32 
208 
4 
2 
206 
4 
4 
0 
4 
231 
4 
4 
4 
4 
0 
5 
0 
4 
0 
5 
3 
450 
7 
173 
40 
37 
0 
0 
971 
46 
36 
28 
43 
126 
170 
4 
193 
3 
0 
4 
4 
4 
4 
0 
6 
0 
4 
0 
3 
0 
4 
0 
0 
4 
0 
55 
345 
4 
5 
3 
92 
17 
4 
6 
6 
8 
6 
7 
0 
8 
6 
8 
66 
3 
0 
42 
31 
258 
0 
2 
0 
4 
0 
4 
0 
4 
0 
0 
6 
0 
4 
0 
4 
5 
4 
4 
5 
4 
4 
4 
0 
5 
3 
3 
1 
196 
3 
100 
4 
4 
4 
159 
2 
4 
3 
5 
6 
4 
0 
0 
4 
0 
5 
3 
5 
5 
0 
5 
4 
3 
4 
5 
5 
4 
4 
0 
0 
5 
0 
5 
0 
4 
4 
4 
6 
0 
7 
6 
0 
0 
3 
0 
4 
0 
4 
3 
5 
3 
6 
6 
11 
0 
6 
7 
0 
4 
4 
4 
4 
590 
4 
0 
4 
1908 
0 
4 
10341 
0 
638 
0 
600 
2 
0 
234 
0 
0 
342 
0 
3 
0 
5 
0 
2 
2 
54 
306 
5 
3 
124 
280 
0 
0 
5 
0 
52 
4 
0 
3 
2 
4 
3 
4 
0 
116 
4 
5 
3 
3 
4 
4 
5 
3 
4 
5 
3 
4 
4 
2 
5 
7 
277 
4 
291 
3 
3 
3 
3 
3 
5 
7 
0 
3 
0 
4 
4 
4 
44 
0 
49 
5 
4 
81 
53 
5 
5 
3 
4 
0 
0 
397 
0 
7 
6 
7 
7 
7 
8 
0 
0 
5 
4 
4 
4 
0 
0 
6 
4 
4 
0 
0 
256 
3 
4 
3 
116 
0 
0 
3 
3 
5 
4 
5 
5 
4 
4 
3 
0 
4 
0 
3 
0 
203 
2 
2 
3 
0 
0 
4 
5 
10 
4 
6 
88 
61 
5 
7 
7 
232 
0 
0 
3 
0 
5 
4 
4 
155 
76 
40 
4 
0 
2 
5 
3 
2 
4 
5 
0 
151 
36 
4 
4 
0 
4 
0 
265 
0 
3 
0 
5 
3 
5 
4 
164 
5 
6 
0 
3 
6 
0 
7 
0 
156 
6 
67 
14 
8 
5 
8 
0 
156 
5 
110 
5 
4 
4 
252 
37 
0 
990 
57 
11 
4 
5 
5 
4 
11 
0 
1023 
62 
25 
4 
5 
4 
350 
1124 
4 
17 
5 
0 
1092 
15345 
2404 
4 
5 
759 
3513 
0 
449 
3 
3 
3 
2 
0 
4 
0 
111 
4 
3 
2 
0 
4 
4 
266 
3 
0 
42 
3 
0 
4 
0 
5 
4 
4 
5 
0 
169 
3 
0 
3 
8 
0 
6 
4 
5 
5 
3 
0 
5 
0 
4 
10 
0 
64 
934 
474 
442 
5 
0 
2 
0 
4 
0 
4 
0 
5 
15 
4 
4 
6 
0 
3 
0 
4 
0 
0 
6 
0 
3 
90 
4 
3 
6 
6 
5 
0 
899 
58 
23 
5 
4 
4 
4 
4 
0 
4 
4 
3 
3 
229 
35 
52 
4 
4 
219 
3 
335 
4 
0 
4 
0 
3 
6 
0 
5 
0 
0 
4 
3 
3 
3 
5 
0 
0 
413 
0 
6 
4 
5 
4 
5 
6 
4 
0 
0 
6 
32 
1420 
0 
4 
4 
260 
4 
3 
5 
3 
6 
75 
0 
6 
5 
526 
0 
224 
5 
0 
5 
3 
3 
18 
44 
41 
3 
5 
5 
5 
0 
8883 
0 
368 
3 
3 
5 
5 
4 
4 
4 
4 
5 
0 
5 
63 
3 
4 
4 
0 
0 
3 
0 
0 
3 
326 
55 
13 
4 
0 
4 
194 
4 
4 
6 
5 
0 
72 
4 
184 
14 
535 
6 
0 
6 
0 
5 
0 
4 
0 
21 
7 
0 
1071 
30 
3 
5 
38 
10 
117 
336 
149 
3 
0 
5 
0 
4 
0 
4 
0 
5 
0 
4 
0 
5 
4 
282 
3 
4 
3 
6 
4 
3 
4 
4 
5 
4 
3 
3 
3 
3 
5 
4 
4 
89 
0 
5 
395 
0 
4 
2 
4 
2 
5 
118 
0 
4 
3 
55 
7 
40 
18 
5 
5 
3 
4 
3 
276 
4 
208 
3 
303 
9 
4 
31 
0 
2 
0 
4 
0 
2770 
4 
3 
4 
6 
3 
3 
0 
4 
5 
4 
4 
4 
2 
0 
5 
263 
