2567 
2 
2413 
4678 
309 
5548 
179 
388 
362 
178 
816 
72 
0 
0 
3 
0 
43 
92 
3 
1301 
1434 
11 
5 
70 
291 
5 
139 
0 
0 
99 
4 
0 
4 
621 
98 
64 
23 
593 
4 
673 
4 
10 
7 
7 
5 
0 
115 
3 
10 
4 
7 
43 
3 
0 
2 
27 
7 
65 
5 
106 
0 
7 
6 
0 
3 
4 
54 
2 
5 
159 
0 
4 
4 
4 
0 
0 
4 
7 
6 
4 
2 
2 
0 
3 
0 
2 
3 
4 
93 
4 
0 
127 
3 
3 
3 
0 
5 
3 
4 
26 
0 
138 
4 
3 
3 
0 
4 
4 
0 
6 
0 
5 
97 
3 
297 
0 
2 
5 
26 
7 
0 
5 
7 
3 
4 
79 
6 
132 
0 
21 
7 
700 
4 
4 
2 
0 
6 
6 
4 
3 
4 
2 
0 
266 
4 
44 
2 
3 
0 
50 
31 
0 
5 
3 
72 
0 
186 
143 
4 
4 
5 
25 
5 
191 
5 
5 
0 
3 
4 
3 
0 
2 
0 
3 
48 
3 
4 
0 
204 
0 
4 
3 
4 
0 
136 
268 
4 
53 
0 
3 
3 
2 
105 
403 
4 
6 
3 
4 
11 
3 
3 
3 
5 
4 
31 
2 
3 
4 
2 
4 
44 
5 
6 
6 
5 
5 
3 
0 
31 
3 
3 
4 
4 
116 
78 
13 
27 
1128 
0 
1318 
4 
0 
4 
0 
0 
4 
2 
2 
3 
1 
2 
3 
3 
34 
45 
3 
3 
5 
0 
2 
4 
45 
2 
3 
3 
4 
3 
6 
2 
4 
3 
4 
4 
3 
2 
0 
0 
4 
9 
3 
161 
5 
428 
0 
3 
3466 
3 
0 
6166 
0 
334 
3 
3 
0 
83 
0 
2 
0 
2 
24 
0 
546 
4 
3 
29 
0 
2 
3 
60 
0 
97 
99 
3 
5 
5 
0 
5 
8 
0 
6 
497 
591 
2 
332 
0 
945 
0 
199 
0 
475 
3 
4 
3 
4 
4 
4 
3 
2 
6 
332 
4 
2 
45 
17 
3 
3 
4 
92 
0 
394 
0 
367 
58 
19 
4 
86 
6 
6 
8 
58 
6 
4 
4 
3 
0 
2 
4 
3 
0 
280 
0 
1582 
0 
517 
3 
5 
3 
7 
82 
0 
0 
329 
3 
3 
100 
3 
0 
0 
4 
0 
5 
0 
4 
0 
3 
0 
5 
5 
2 
3 
4 
2 
3 
2 
0 
0 
5 
1042 
2 
0 
419 
0 
12 
229 
3 
3 
0 
4 
4 
3 
57 
5 
94 
3 
4 
3 
0 
5 
0 
51 
0 
198 
82 
5 
5 
3 
0 
4 
0 
3 
127 
3 
87 
222 
9 
18 
71 
2 
0 
263 
0 
4 
0 
4 
3 
3 
0 
2 
0 
6 
0 
4 
0 
4 
631 
0 
0 
424 
2 
2 
5 
74 
0 
0 
1162 
74 
2 
951 
0 
0 
697 
35 
19 
118 
4 
219 
4 
58 
4 
0 
3 
56 
0 
0 
6 
8 
392 
4 
61 
0 
3 
0 
3 
38 
77 
35 
5 
5 
4 
5 
3 
4 
4 
81 
3 
7 
27 
3 
6686 
4849 
1386 
1038 
508 
1174 
27 
2225 
0 
5 
595 
4 
97 
3 
27 
3 
5 
3 
4 
0 
522 
3 
5 
5 
4 
0 
4 
3 
4 
5 
16 
0 
150 
6 
26 
5 
3 
4 
26 
45 
4 
173 
30 
24 
0 
115 
0 
2 
0 
5 
0 
16 
0 
322 
4 
8 
3 
119 
2 
0 
4 
7 
0 
3 
2 
3 
4 
3 
4 
3 
5 
3 
54 
2 
3 
35 
4 
50 
120 
0 
3 
2 
40 
0 
594 
3 
5 
0 
3 
0 
3 
0 
0 
0 
491 
5 
371 
3 
3 
22 
3 
500 
2 
2 
0 
7 
0 
4 
17 
0 
277 
167 
9 
0 
5 
4 
22 
21 
5 
4 
4 
73 
167 
265 
4 
3 
4 
0 
0 
67 
298 
6 
3 
2 
3 
5 
40 
0 
6 
65 
3 
5 
4 
0 
4 
470 
3 
4 
73 
0 
876 
4 
4 
207 
0 
309 
2 
5 
5 
0 
2 
116 
0 
208 
107 
2 
0 
393 
98 
67 
7 
7 
2 
3 
3 
4 
3 
38 
0 
118 
3 
104 
3 
2 
4 
76 
4 
4 
588 
0 
462 
0 
548 
3 
4 
3 
2 
0 
4 
4 
3 
4 
0 
0 
252 
4 
202 
3 
4 
43 
2 
3 
4 
3 
3 
3 
4 
4 
3 
116 
15 
3 
28 
0 
4 
0 
67 
0 
0 
340 
4 
250 
2 
4 
3 
0 
0 
2 
4 
2264 
72 
27 
22 
12 
0 
131 
159 
400 
492 
951 
538 
539 
279 
2 
2 
4 
3 
4 
5 
4 
4 
4 
3 
5 
4 
5 
196 
153 
426 
4 
28 
5 
29 
6 
102 
213 
479 
376 
120 
4 
20 
3 
4 
5 
279 
656 
193 
494 
1908 
85 
238 
996 
186 
4 
318 
5 
704 
589 
585 
2305 
284 
849 
2658 
135 
202 
1364 
1789 
7369 
359 
195 
0 
0 
315 
0 
5 
237 
6 
148 
157 
3 
3 
0 
5 
0 
3 
0 
4 
5 
2 
0 
269 
0 
193 
0 
0 
4 
28 
37 
44 
177 
3 
4 
3 
0 
0 
214 
0 
0 
151 
0 
0 
488 
3 
0 
63 
38 
23 
5 
8 
4 
0 
4 
81 
0 
0 
4 
475 
4 
5 
5 
4 
117 
4 
3 
2 
0 
4 
3 
5 
0 
6 
4 
4 
4 
46 
3 
4 
77 
2 
0 
3 
0 
5 
0 
0 
4 
31 
5 
5 
83 
0 
0 
7 
69 
5 
27 
218 
5 
0 
3 
68 
56 
18 
19 
5 
174 
158 
4 
2 
266 
411 
0 
3 
322 
3 
134 
4 
4 
4 
3 
3 
0 
4 
4 
3 
0 
163 
3 
5 
3 
4 
107 
41 
159 
169 
25 
2182 
0 
2 
4 
5 
788 
0 
501 
4 
5 
5 
4 
280 
3 
6 
762 
4 
4 
3 
4 
0 
5 
0 
2 
82 
5 
777 
3 
2 
7 
4 
3 
3 
3 
4 
3 
3 
3 
3 
0 
6 
4 
3 
89 
195 
187 
0 
0 
4 
339 
3 
3 
2 
3 
4 
0 
0 
235 
3 
3 
0 
3 
0 
4 
0 
48 
4 
67 
3 
13 
4 
0 
4 
2 
0 
2 
4 
4 
3 
7 
0 
4 
7 
8 
0 
4 
4 
96 
5 
3 
5 
2 
0 
4087 
14 
51 
