4899 
3 
4 
2965 
0 
4 
4 
4 
2 
4 
3 
0 
3 
0 
7 
135 
39 
4 
4 
30 
3 
5 
5 
4 
3 
5 
3 
3 
3 
0 
0 
0 
4 
0 
0 
4 
0 
4 
0 
3 
0 
3 
0 
0 
0 
4 
0 
4 
0 
0 
3 
5 
0 
0 
4 
0 
0 
3 
0 
4 
0 
3 
0 
7 
0 
8 
8 
0 
0 
4 
0 
3 
3 
0 
5 
0 
3 
0 
4 
4 
0 
8 
0 
0 
4 
0 
0 
0 
5 
76 
5 
0 
0 
5 
0 
3 
0 
3 
5 
0 
5 
4 
0 
0 
2 
0 
57 
4 
5 
2 
0 
0 
4 
3 
0 
3 
0 
3 
0 
4 
24 
6 
7 
5 
0 
0 
2 
3 
5 
4 
0 
4 
25 
3 
4 
6 
3 
0 
4 
0 
200 
2 
2 
0 
0 
4 
0 
0 
4 
0 
0 
3 
0 
0 
4 
6 
29 
0 
0 
5 
0 
0 
4 
0 
0 
4 
0 
0 
4 
4 
1873 
4 
1262 
1827 
3 
6 
4 
3 
4 
3197 
4 
165 
3 
4 
7 
5 
3 
49 
5 
0 
5 
0 
3 
3 
4 
5 
7 
4 
4 
3 
4 
4 
3 
160 
4 
28 
2 
4 
64 
4 
5 
128 
4 
0 
0 
4 
337 
72 
6 
3 
3 
63 
4 
0 
5 
0 
5 
0 
0 
4 
0 
0 
3 
0 
0 
2 
0 
6 
0 
4 
4 
3 
5 
147 
0 
4 
0 
5 
0 
0 
0 
5 
3 
0 
0 
0 
5 
0 
0 
3 
3 
0 
5 
0 
0 
6 
0 
0 
3 
0 
0 
5 
5 
0 
4 
0 
0 
5 
0 
0 
0 
5 
4 
0 
0 
0 
3 
5 
3 
3 
0 
0 
3 
0 
0 
0 
6 
0 
7 
0 
5 
0 
3 
0 
3 
4 
4 
7 
6 
4 
4 
164 
3 
0 
4 
0 
4 
2 
3 
5 
5 
0 
0 
2 
5 
6 
5 
4 
3 
3 
42 
2 
0 
510 
0 
60 
13 
7 
3 
94 
4 
4 
0 
4 
4 
6 
0 
0 
6 
7 
7 
4 
3 
118 
4 
5 
7 
33 
0 
4 
103 
3 
3 
3 
48 
2 
3 
0 
3 
0 
5 
6 
0 
0 
5 
0 
0 
0 
4 
0 
5 
0 
4 
0 
0 
0 
3 
0 
3 
0 
0 
2 
0 
3 
0 
8 
6 
7 
0 
0 
6 
0 
5 
42 
5 
3 
3 
133 
5 
3 
59 
3 
3 
4 
5 
0 
4 
4 
4 
2 
3 
4 
33 
4 
4 
25460 
4490 
19 
4 
2 
0 
3 
3 
3 
4 
4 
3 
5 
4 
4 
0 
3 
5 
0 
7 
191 
4 
7 
6 
4 
3 
3 
3 
5 
6 
7 
7 
4 
5 
3 
66 
3 
3 
0 
0 
5 
0 
154 
3 
3 
5 
5 
0 
3 
4 
142 
6 
0 
0 
5 
0 
0 
5 
3 
5 
4 
0 
4 
3 
3 
4 
4 
7 
6 
0 
6 
0 
0 
0 
4 
0 
3 
0 
3 
4 
4 
4 
0 
3 
4 
3 
2 
32 
0 
150 
2 
0 
5 
4 
0 
5 
0 
0 
4 
3 
0 
0 
5 
0 
4 
0 
0 
0 
0 
4 
0 
0 
3 
0 
6 
0 
4 
4 
5 
4 
136 
5 
165 
4 
3 
0 
7 
6 
0 
0 
4 
6 
4 
267 
5 
3 
63 
3 
0 
5 
4 
202 
0 
0 
3 
0 
3 
154 
0 
4 
0 
3 
0 
5 
4 
5 
0 
4 
5 
5 
4 
45 
40 
0 
7 
0 
8 
33 
3 
3 
5 
179 
35 
3 
0 
6 
4 
0 
3 
0 
0 
4 
3 
0 
0 
4 
0 
2 
131 
48 
4 
3 
0 
0 
6 
0 
0 
4 
0 
3 
0 
0 
7 
0 
0 
0 
7 
0 
0 
5 
0 
4 
0 
0 
3 
0 
5 
0 
0 
5 
29 
24 
76 
5 
4 
3 
0 
0 
6 
0 
0 
5 
0 
5 
0 
0 
4 
3 
154 
0 
3 
0 
100 
0 
0 
5 
0 
4 
0 
7 
5 
0 
0 
4 
7589 
19 
147 
199 
128 
122 
0 
5 
6 
5 
0 
5 
0 
0 
7 
0 
0 
0 
0 
3 
0 
21 
0 
0 
6 
0 
0 
37 
3 
5 
0 
0 
5 
0 
0 
3 
3 
4 
5 
5 
0 
0 
3 
3 
3 
0 
35 
5 
0 
4 
0 
5 
17 
3 
0 
5 
5 
0 
0 
3 
0 
69 
32 
5 
7 
4 
4 
3 
5 
51 
4 
0 
5 
3 
0 
0 
5 
4 
17 
4 
4 
5 
0 
4 
0 
4 
4 
0 
4 
34 
3 
0 
4 
8 
4 
0 
4 
0 
216 
5 
4 
5 
4 
0 
3 
0 
0 
3 
0 
4 
3 
0 
3 
0 
0 
6 
0 
8 
0 
7 
74 
30 
0 
0 
0 
6 
0 
10 
0 
0 
4 
0 
3 
6 
0 
0 
7 
0 
4 
183 
0 
6 
136 
5 
183 
0 
4 
40 
3 
0 
2250 
2 
29 
3 
3 
59 
4 
7 
39 
6 
7 
7 
0 
0 
0 
8 
0 
0 
7 
0 
0 
0 
4 
0 
5 
0 
0 
4 
0 
4 
4 
68 
5 
12 
4 
5 
0 
0 
7 
0 
4 
3 
0 
5 
0 
5 
4 
0 
3 
0 
0 
5 
0 
3 
0 
0 
3 
6 
5 
5410 
3 
5 
