2720 
503 
3652 
0 
428 
1 
2 
1 
80 
2 
2 
3 
0 
0 
0 
7 
3 
0 
4 
17 
3 
2 
3 
3 
4 
0 
253 
0 
157 
4 
4 
0 
4 
66 
0 
4 
0 
5 
0 
3 
2 
0 
5 
4 
4 
3 
3 
0 
0 
3 
2 
4 
4 
0 
4 
3 
5 
6 
7 
3 
0 
0 
139 
3 
7 
31 
51 
4 
4 
0 
4 
2 
0 
0 
2 
137 
0 
4 
0 
0 
3 
5 
0 
3 
0 
0 
4 
3 
0 
4 
5 
4 
0 
4 
3 
5 
0 
0 
257 
5 
3 
3 
3 
5 
0 
7 
4 
7 
0 
3 
0 
4 
4 
0 
0 
184 
0 
220 
4 
4 
130 
0 
5 
77 
0 
4 
3 
0 
3 
5 
3 
50 
3 
4 
0 
4 
0 
5 
4 
5 
4 
0 
4 
0 
4 
0 
0 
3 
0 
10 
5 
0 
8 
5 
0 
3 
162 
3 
2224 
6 
1221 
99 
0 
94 
40 
309 
13 
228 
107 
8 
47 
3215 
0 
3 
127 
3 
4 
3 
0 
3 
3 
0 
4 
4 
0 
5 
4 
63 
5 
6 
7 
5 
0 
0 
0 
4 
4 
0 
4 
0 
2 
4 
5 
4 
2 
4 
4 
5 
0 
4 
3 
4 
4 
0 
0 
3 
798 
8 
4 
8 
7 
0 
7 
6 
1230 
0 
5 
4 
0 
7 
6 
0 
4 
0 
0 
3 
5 
4 
0 
0 
2 
3 
153 
2 
13 
0 
4 
3 
0 
4 
0 
2 
5 
0 
3 
3 
0 
3 
0 
5 
0 
2 
4 
4 
3 
4 
0 
4 
0 
0 
2 
5 
0 
6 
0 
89 
0 
3 
218 
5 
0 
7 
0 
0 
3 
0 
4 
5 
0 
8 
0 
5 
3 
0 
3 
4 
63 
0 
243 
0 
14 
5 
0 
0 
4 
3 
4 
3 
0 
4 
3 
0 
174 
5 
5 
4 
4 
3 
2 
2497 
4 
2 
3 
5 
3 
2 
3 
4 
116 
393 
21 
316 
5 
0 
413 
5 
5 
0 
0 
4 
0 
4 
5 
3 
3 
8 
5 
0 
0 
3 
0 
2 
4 
3 
4 
6 
0 
6 
3 
0 
3 
4 
0 
3 
3 
0 
4 
0 
41 
0 
5 
0 
3 
0 
3 
5 
0 
3 
3 
5 
3 
51 
4 
4 
5 
0 
3 
0 
4 
148 
3 
4 
4 
0 
0 
3 
0 
0 
252 
3 
4 
5 
4 
0 
586 
3 
4 
3 
2 
89 
3 
2 
4 
4 
86 
3 
4 
124 
0 
216 
0 
283 
0 
240 
0 
313 
0 
3 
57 
3 
0 
5 
0 
2 
4 
0 
0 
0 
2 
0 
3 
5 
5 
4 
236 
4 
4 
6 
5 
3 
2 
5 
0 
4 
5 
0 
6 
6 
690 
1122 
223 
619 
64 
65 
280 
9 
14 
57 
22 
35 
5 
63 
95 
29 
150 
92 
5 
4 
5 
228 
174 
21 
598 
56 
117 
41 
3 
124 
4 
117 
4 
32 
2100 
3 
1269 
4 
4 
411 
3 
0 
0 
79 
4 
4 
3 
5 
4 
4 
4 
3 
126 
2 
0 
4 
0 
2 
4 
5 
6 
5 
3 
4 
0 
0 
3 
2 
4 
5 
3 
3 
2 
6 
8 
7 
6 
7 
0 
3 
0 
4 
0 
0 
7 
0 
6 
3 
3 
26 
2 
4 
5 
5 
3 
4 
3 
4 
81 
0 
3 
5 
0 
0 
3 
0 
4 
0 
4 
0 
0 
3 
0 
4 
0 
4 
0 
169 
3 
0 
4 
0 
4 
5 
485 
4 
0 
4 
6 
5 
0 
0 
3 
3 
3 
4 
4 
7 
7 
5 
4 
2 
4 
5 
89 
2 
0 
4 
4 
0 
3 
4 
102 
5 
0 
3 
0 
4 
0 
5 
3 
0 
5 
3 
0 
4 
0 
4 
0 
4 
3 
0 
6 
7 
6 
7 
5 
3 
0 
3 
0 
5 
6 
4 
5 
100 
4 
6 
0 
4 
2 
0 
4 
7 
5 
2 
4 
3 
4 
0 
0 
3 
4 
0 
4 
0 
3 
4 
4 
4 
0 
4 
0 
0 
0 
3 
5 
8 
0 
18 
4 
4 
3 
7 
3 
0 
3 
3 
4 
6 
0 
3 
0 
0 
4 
0 
5 
4 
4 
4 
4 
1619 
0 
3 
4 
0 
783 
7 
59 
4 
278 
5 
50 
3 
268 
4 
328 
4 
123 
5 
3221 
4 
0 
35 
0 
0 
4 
0 
5 
0 
5 
2 
0 
3 
0 
4 
0 
6 
0 
13 
4 
0 
3 
3 
4 
7 
6 
6 
215 
3 
4 
5 
5 
6 
0 
0 
7 
0 
0 
0 
5 
4 
0 
3 
0 
4 
0 
4 
5 
4 
4 
0 
5 
4 
5 
0 
3 
0 
4 
6 
7 
180 
3 
4 
8 
6 
5 
6 
5 
5 
4 
4 
4 
5 
74 
7 
6 
0 
5 
0 
4 
0 
4 
0 
3 
3 
3 
3 
2 
0 
0 
0 
5 
4 
122 
0 
4 
110 
5 
0 
4 
4 
2 
4 
3 
0 
3 
0 
4 
5 
5 
6 
0 
3 
0 
16 
0 
3 
4 
4 
0 
5 
3 
3 
0 
5 
0 
7 
0 
8 
5 
80 
0 
3 
6 
3 
0 
5 
126 
3 
4 
4 
5 
4 
4 
6 
3 
3 
0 
0 
3 
5 
0 
0 
0 
6 
0 
4 
0 
4 
0 
5 
4 
5 
0 
3 
5 
19 
4 
4 
13 
4 
5 
4 
0 
6 
4 
4 
3 
0 
5 
5 
289 
7 
0 
3 
3 
2 
4 
4 
5 
0 
3 
0 
4 
5 
3 
4 
5 
16 
13 
161 
38 
2 
0 
0 
2 
3 
3 
3 
172 
0 
4 
0 
3 
3 
0 
4 
3 
5 
3 
38 
0 
4 
3 
3 
5 
0 
7 
0 
6 
11 
6 
5 
0 
4 
4 
3 
40 
4 
0 
0 
3 
0 
5 
0 
4 
19 
3 
8 
5 
0 
5 
88 
3 
4 
2614 
4 
0 
65 
92 
63 
541 
4 
8 
63 
6 
66 
4 
3 
6 
343 
22 
