3321 
3 
12990 
4 
4567 
0 
261 
0 
730 
0 
652 
0 
796 
3 
31 
8 
0 
5 
10 
6 
0 
5 
6 
0 
6 
42 
7 
6 
0 
408 
5 
397 
0 
269 
3 
14 
4 
4 
65 
4 
4 
3 
5 
51 
14 
2 
0 
97 
3 
0 
4 
3 
45 
0 
4 
4 
5 
3 
3 
6 
6 
153 
3 
4 
0 
3 
0 
6 
0 
7 
0 
6 
6 
0 
39 
0 
93 
3 
342 
3 
3 
24 
0 
167 
34 
3 
0 
0 
321 
0 
309 
5 
3 
3 
0 
4 
0 
0 
5 
0 
3 
0 
51 
6 
5 
8 
29 
46 
6 
81 
4 
0 
5 
0 
6 
8 
6 
8 
8 
5 
0 
8 
5 
27 
5 
4 
0 
3 
0 
2 
11 
5 
0 
4 
0 
5 
3 
0 
0 
4 
0 
3 
490 
6 
523 
5 
39 
3 
133 
28 
91 
5 
0 
25 
0 
3 
268 
3 
6 
58 
0 
8 
0 
58 
4 
299 
0 
3 
4265 
1707 
3 
3480 
0 
121 
4 
247 
3 
4 
3 
2 
0 
4 
4 
0 
4 
0 
0 
4 
5 
63 
0 
3 
4 
3 
0 
3 
3 
60 
76 
55 
0 
3 
4 
5 
4 
0 
5 
4 
4 
0 
3 
5 
191 
5 
3 
6 
4 
0 
4 
3 
5 
7 
8 
5 
0 
0 
3 
0 
5 
6 
166 
0 
4 
221 
2 
33 
2 
0 
4 
0 
174 
0 
168 
0 
176 
3 
235 
0 
193 
0 
239 
3 
3 
0 
3 
3 
0 
4 
4 
4 
0 
3 
0 
4 
0 
5 
0 
4 
31 
55 
3 
6 
5 
0 
2 
0 
4 
5 
3 
85 
6 
221 
0 
166 
0 
171 
0 
208 
4 
0 
285 
0 
332 
234 
3 
0 
4 
0 
7 
0 
4 
0 
3 
3 
305 
0 
253 
0 
269 
0 
290 
0 
1 
0 
4 
4 
2 
2 
4 
0 
0 
4 
57 
56 
58 
61 
5 
4 
72 
3 
3 
105 
7 
114 
4 
8 
3 
0 
77 
7 
5 
5 
12 
4 
4 
5 
44 
0 
5 
5 
0 
0 
4 
69 
5 
3 
3 
85 
0 
0 
3 
5655 
4 
1456 
4 
1181 
546 
14 
25 
20 
3 
75 
14 
19 
13 
34 
79 
20 
31 
966 
461 
492 
925 
5322 
3 
4 
0 
2 
3 
3 
0 
0 
3 
0 
4 
3 
5 
131 
28 
0 
5 
5 
0 
5 
0 
4 
0 
190 
0 
136 
64 
87 
0 
7 
4 
0 
0 
4 
4 
35 
4 
0 
3 
4 
6 
0 
6 
5 
94 
0 
216 
87 
0 
622 
0 
4 
0 
4 
45 
83 
75 
4 
4 
5 
235 
3 
339 
0 
450 
199 
0 
5 
24 
0 
263 
12 
6 
97 
54 
409 
1068 
32 
57 
4 
51 
4 
47 
0 
4 
5 
0 
4 
4 
3 
0 
4 
0 
200 
133 
0 
36 
4 
0 
252 
4 
288 
65 
3 
0 
283 
0 
494 
108 
3 
338 
5 
96 
3 
78 
20 
152 
3 
350 
3 
6 
206 
4 
2 
50 
182 
0 
86 
3 
3 
4 
4 
4 
4 
4 
5 
4 
5 
4 
4 
3 
5 
6 
4 
5 
4 
3 
0 
120 
4 
318 
2 
0 
3 
0 
0 
5 
0 
44 
27 
0 
2 
0 
190 
40 
0 
3 
4 
189 
0 
5 
4 
3 
3 
16 
5 
2 
59 
2 
74 
3 
3 
4 
0 
5 
351 
40 
0 
7 
74 
4 
3340 
846 
5004 
11 
3 
6 
7 
4 
0 
81 
3 
0 
3 
315 
5 
0 
214 
22 
53 
79 
43 
355 
3 
53 
0 
189 
6 
0 
195 
3 
0 
110 
0 
0 
304 
3 
83 
2 
0 
6 
4 
0 
4 
0 
3 
0 
5 
177 
6 
0 
225 
0 
146 
0 
149 
3 
0 
174 
4 
8 
45 
1101 
60 
32 
64 
0 
3 
2 
3 
3 
5 
0 
4 
3 
3 
0 
107 
5 
18 
173 
0 
134 
0 
107 
3 
97 
330 
6 
14 
275 
3 
3 
49 
2 
90 
4 
23 
866 
185 
51 
40 
0 
231 
3 
295 
3 
0 
4 
3 
2 
3 
5 
5 
0 
94 
0 
20 
5 
3 
0 
4 
286 
5 
7 
7 
94 
4 
5 
4 
4 
54 
31 
137 
2 
0 
3 
0 
6 
42 
4 
108 
2 
3 
0 
168 
3 
2 
3 
81 
38 
0 
3 
3 
3 
4 
146 
41 
224 
5 
4 
4 
3 
0 
4 
156 
29 
4 
95 
0 
228 
0 
225 
4 
4 
12 
4 
0 
3 
49 
2 
49 
1559 
13 
0 
0 
25 
3 
0 
4 
3 
4 
3 
3 
7 
0 
0 
6 
113 
4 
3 
3 
4 
3 
42 
183 
0 
6220 
4 
3701 
4 
8 
6 
193 
5 
0 
5 
0 
6 
59 
4 
4 
130 
148 
29 
39 
19 
3 
17 
84 
160 
36 
3 
5 
3 
3 
117 
45 
25 
4 
6 
3 
3 
165 
4 
4 
3 
7 
0 
0 
2 
0 
5 
0 
225 
61 
19 
8 
45 
19 
23 
23 
113 
0 
160 
58 
0 
223 
144 
17 
0 
251 
4 
0 
5 
0 
9 
3 
0 
27 
3 
0 
8 
9 
0 
0 
4 
3 
68 
0 
3 
125 
4 
5 
33 
5 
3 
0 
0 
3 
0 
0 
105 
5 
20 
64 
17 
0 
519 
71 
3 
3 
4 
3 
0 
0 
178 
0 
169 
426 
15 
4 
0 
2 
4 
45 
46 
3 
176 
2 
4 
0 
319 
367 
0 
288 
439 
157 
17 
2 
0 
5 
4 
3 
216 
0 
4 
4 
3 
12 
6 
6 
86 
3 
2 
0 
4 
4 
3 
0 
3 
209 
0 
4 
0 
49 
8 
21 
4 
502 
4 
73 
4 
5 
4 
3 
4 
21 
3 
0 
4 
6 
0 
4 
0 
4 
172 
0 
258 
6 
40 
0 
208 
5 
45 
3 
5 
5 
96 
4 
0 
262 
