5652 
4 
17111 
2 
1 
258 
3 
0 
2 
2 
0 
3 
0 
3 
0 
5 
0 
6 
3 
0 
5 
0 
4 
4 
3 
0 
6 
6 
0 
3 
0 
4 
0 
0 
4 
0 
3 
5 
6 
0 
5 
3 
5 
3 
0 
5 
0 
4 
51 
5 
0 
5 
4 
6 
0 
4 
5 
4 
64 
0 
3 
0 
4 
4 
95 
3 
0 
5 
0 
782 
4 
3 
4 
1250 
3 
3 
307 
18 
623 
7 
557 
5 
2 
4 
3 
0 
5 
0 
4 
0 
4 
0 
5 
0 
4 
0 
5 
5 
0 
5 
123 
4 
0 
4 
0 
3 
4 
0 
5 
0 
4 
3 
0 
4 
2 
4 
0 
5 
43 
0 
3 
0 
8 
5 
27 
0 
7848 
4 
5 
221 
6 
6 
27 
4 
7 
44 
4 
6 
5 
0 
4 
6 
3 
0 
3 
0 
4 
63 
3 
1551 
4 
3 
4 
519 
3 
4 
4 
4 
341 
3 
5 
8 
389 
6 
3 
0 
48 
4 
4 
3 
0 
4 
0 
10 
4 
6 
6 
0 
4 
4 
0 
6 
4 
0 
7 
7 
4 
3 
0 
4 
0 
3 
0 
5 
0 
0 
4 
0 
0 
5 
0 
5 
0 
4 
0 
4 
0 
10 
5 
4 
8 
0 
5 
0 
11 
0 
4 
289 
5 
4 
318 
167 
59 
0 
6 
0 
4 
0 
3 
0 
6 
0 
4 
46 
0 
4 
0 
5 
6 
4 
0 
4 
0 
0 
4 
0 
3 
0 
4 
0 
3 
0 
5 
4 
0 
6 
136 
94 
4 
59 
5 
77 
5 
4 
0 
2 
6 
5 
0 
6 
0 
18 
2 
0 
4 
0 
3 
3 
0 
0 
4 
1441 
5 
20 
3 
3 
390 
3 
5 
5 
6 
5 
294 
4 
4 
3 
4 
4 
3 
3 
3 
4 
5 
7 
6 
8 
6 
7 
6 
7 
3 
4 
3 
5 
4 
6 
3 
4 
3 
5 
0 
4 
0 
3 
4 
0 
3 
0 
5 
5 
4 
5011 
0 
4 
4013 
36 
3 
24 
740 
57 
7 
6 
498 
2836 
5 
3851 
4136 
3 
4 
2 
6 
5 
4 
4 
42 
0 
3 
0 
5 
0 
11 
22 
10 
34 
48 
141 
0 
4 
0 
5 
28 
4 
4 
0 
4 
0 
41 
3 
0 
5 
3 
0 
0 
2 
0 
4 
5 
0 
5 
8 
61 
4 
0 
5 
10 
2 
0 
6 
7 
0 
7 
5 
80 
88 
5 
0 
16 
4 
0 
4 
6 
0 
7 
0 
5 
3 
0 
4 
0 
3 
0 
5 
0 
6 
6 
4 
0 
4 
4 
0 
3 
0 
5 
3 
0 
4 
0 
0 
57 
5 
0 
0 
6 
0 
3 
4 
0 
5 
0 
5 
0 
6 
5 
0 
3 
0 
4 
319 
0 
26 
0 
0 
26 
91 
80 
0 
3 
84 
0 
0 
4 
0 
53 
0 
5 
0 
6 
0 
3 
0 
7 
5 
0 
4 
0 
3 
0 
6 
3 
0 
7 
0 
7 
0 
5 
7 
0 
5 
3 
5 
0 
5 
43 
0 
4 
4 
0 
5 
9 
3 
0 
0 
4 
0 
3 
5 
0 
0 
5 
0 
86 
0 
3 
2 
0 
0 
4 
0 
0 
4 
0 
4 
0 
0 
3 
0 
5 
3 
0 
4 
0 
4 
362 
3 
4 
4 
212 
6 
5 
3 
0 
0 
0 
5 
0 
49 
3 
0 
0 
4 
2 
0 
4 
0 
87 
0 
4 
5 
0 
0 
2 
3 
0 
0 
6 
0 
0 
7 
6 
0 
3 
3 
0 
0 
5 
0 
0 
6 
5 
0 
3 
0 
4 
0 
5 
101 
4 
3 
5 
4 
5 
6 
5 
3 
4 
0 
2 
4 
31 
0 
5 
3 
0 
5 
3 
4 
0 
5 
0 
5 
0 
4 
0 
5 
0 
5 
5 
4 
0 
4 
5 
4 
0 
0 
6 
0 
0 
5 
58 
0 
7 
0 
6 
9 
3 
0 
3 
54 
3 
0 
3 
0 
3 
23 
5 
0 
4 
0 
0 
2 
0 
42 
0 
0 
4 
0 
2 
0 
5 
0 
50 
0 
0 
4 
4 
0 
3 
0 
0 
4 
0 
0 
6 
0 
5 
0 
7 
8502 
3 
4 
154 
8 
5 
4 
4 
57 
3 
5 
6 
5 
0 
7 
0 
7 
0 
0 
5 
0 
0 
5 
0 
0 
66 
0 
3 
0 
0 
5 
0 
5 
0 
3 
4 
288 
0 
5 
0 
265 
4 
0 
0 
4 
6 
0 
0 
6 
0 
6 
7 
0 
0 
76 
3 
0 
3 
4 
0 
3 
62 
5 
0 
2 
3 
4 
0 
3 
30 
79 
0 
3 
0 
45 
0 
4 
0 
4 
1938 
0 
749 
0 
5 
0 
7 
7 
40 
57 
43 
5 
0 
7 
5 
3 
0 
0 
5 
0 
4 
4 
3 
5 
4 
0 
5 
4 
2 
0 
4 
4 
0 
2 
3 
0 
5 
3 
0 
4 
4 
0 
5 
4 
0 
0 
5 
0 
5 
5 
66 
0 
7 
0 
0 
6 
0 
0 
6 
7 
0 
7 
7 
4 
0 
4 
0 
0 
8 
0 
6 
0 
3 
0 
21 
75 
64 
5 
0 
5 
6 
0 
6 
2669 
3 
749 
269 
4 
1649 
202 
80 
70 
37 
2210 
3 
4 
5 
3 
2 
0 
0 
7 
9 
3 
3 
0 
5 
44 
0 
7 
5 
62 
4 
0 
5 
100 
0 
3 
4 
6 
96 
0 
5 
31 
0 
4 
0 
47 
5 
0 
4 
0 
3 
0 
6 
36 
5 
0 
3 
4 
0 
0 
4 
0 
61 
79 
78 
96 
0 
30 
3 
0 
76 
0 
6 
78 
0 
4 
18 
3 
101 
86 
4 
0 
0 
4 
5 
74 
66 
0 
4 
6 
0 
0 
4 
0 
0 
3 
0 
0 
0 
3 
0 
0 
4 
58 
4 
0 
5 
65 
0 
3 
121 
5 
7 
6 
7 
0 
0 
3 
4 
91 
235 
0 
5 
36 
0 
4 
5 
6 
3 
0 
0 
0 
34 
3 
0 
0 
5 
0 
4 
0 
0 
6 
5 
0 
2120 
0 
4 
0 
5 
3 
5 
0 
0 
3 
0 
5 
4 
0 
3 
20 
0 
4 
4 
0 
5 
3 
0 
4 
0 
4 
0 
4 
5 
0 
0 
13 
3 
0 
5 
0 
3 
5 
0 
0 
4 
0 
4 
5 
0 
0 
7 
0 
6 
0 
7 
0 
0 
4 
64 
72 
7 
0 
6 
0 
3 
0 
3 
3 
0 
0 
3 
0 
3 
5 
5 
0 
0 
5 
0 
0 
3 
0 
3 
4 
0 
4 
0 
5 
10 
0 
2 
0 
9492 
124 
48 
1846 
784 
891 
282 
642 
66 
135 
65 
32 
23 
