6069 
3 
Game Start 
25666 
5 
115 
0 
0 
0 
4 
0 
0 
0 
4 
0 
4 
0 
5 
10 
28 
4 
3 
3 
4 
25 
5 
31 
5 
0 
0 
7 
4 
0 
3 
0 
0 
5 
0 
0 
0 
0 
3 
0 
0 
0 
0 
3 
0 
0 
5 
40 
56 
5 
0 
5 
66 
4 
3 
0 
0 
0 
7 
0 
5 
0 
0 
3 
0 
0 
5 
5 
3 
0 
35 
0 
0 
126 
0 
3 
0 
0 
5 
0 
962 
0 
5 
5 
34 
4 
4 
5 
0 
0 
0 
4 
0 
3 
62 
0 
4 
0 
7 
99 
3 
0 
22 
6 
0 
0 
6 
7 
63 
5 
70 
5 
6 
6 
0 
0 
3 
0 
0 
4 
13 
4 
122 
4 
0 
0 
0 
3 
20 
3 
73 
4 
0 
0 
5 
6 
5 
4 
0 
3 
5 
0 
5 
4 
0 
6 
0 
4 
4 
41 
3 
5 
0 
0 
8 
0 
8 
6 
4 
0 
4 
84 
0 
4 
0 
16 
4 
0 
3 
0 
0 
5 
0 
6 
0 
3 
0 
20 
4 
4 
0 
4 
0 
4 
3 
0 
4 
0 
4 
0 
4 
0 
6 
5 
0 
0 
5 
0 
8161 
1820 
0 
244 
0 
325 
0 
0 
0 
3 
5 
4 
5 
83 
4 
0 
0 
3 
2 
0 
4 
33 
3 
0 
4 
114 
0 
4 
0 
4 
0 
0 
5 
0 
5 
0 
3 
0 
0 
0 
0 
4 
46 
59 
4 
6 
0 
3 
0 
4 
0 
0 
5 
0 
5 
0 
3 
0 
0 
6 
0 
0 
0 
26 
5 
0 
0 
6 
0 
0 
206 
3 
22 
5 
0 
0 
0 
3 
0 
0 
0 
5 
0 
0 
4 
0 
0 
73 
0 
0 
23 
7 
0 
0 
173 
0 
0 
9 
7 
95 
4 
5 
5 
0 
5 
0 
5 
0 
4 
6 
0 
6 
7 
8 
5 
4 
0 
0 
0 
5 
35 
2 
0 
4 
4 
3 
117 
5 
6 
4 
0 
0 
4 
4 
0 
0 
4 
5 
426 
0 
5 
4 
0 
2 
3 
0 
6 
3 
4 
0 
4 
5 
0 
4 
2 
4 
0 
6 
0 
5 
4 
0 
3 
0 
0 
4 
3 
4 
4 
0 
3 
3 
4 
3 
0 
4 
0 
3 
0 
4 
4 
0 
4 
6 
5 
0 
70 
4 
4 
0 
4 
4 
4 
52 
71 
3 
0 
0 
19 
5 
3 
14 
104 
6 
4 
3 
0 
4 
3 
0 
3 
3 
38 
4 
5 
0 
4 
0 
5 
4 
115 
1 
3 
4 
4 
3 
4 
4 
0 
0 
3 
75 
3 
0 
170 
246 
0 
17 
3 
5 
0 
8 
0 
7 
8 
6 
4 
10 
0 
5 
11930 
682 
1844 
1573 
2423 
4 
3 
4 
3 
6 
4 
5 
4 
4 
3 
4 
4 
105 
4 
3 
7 
5 
6 
5 
4 
4 
0 
0 
6 
0 
6 
0 
6 
0 
0 
0 
3 
4 
0 
5 
0 
0 
5 
0 
0 
0 
5 
0 
6 
4 
2 
0 
0 
5 
5 
0 
5 
0 
0 
4 
3 
4 
3 
3 
4 
0 
5 
0 
0 
7 
0 
0 
6 
8 
0 
0 
2 
0 
4 
4 
0 
0 
4 
0 
4 
4 
0 
0 
7 
0 
0 
8 
0 
6 
7 
0 
4 
0 
2 
0 
0 
5 
7 
6 
7 
0 
0 
4 
0 
4 
4 
6 
0 
0 
4 
0 
4 
3 
0 
3 
0 
0 
3 
0 
4 
4 
4 
0 
0 
4 
0 
0 
4 
6 
4 
0 
6 
0 
0 
6 
8 
7 
0 
0 
7 
0 
0 
6 
0 
6 
7 
7 
0 
0 
6 
0 
3 
3 
3 
5 
5 
5 
4 
4 
0 
3 
0 
0 
4 
3 
4 
0 
0 
5 
0 
4 
2 
4 
0 
0 
8418 
0 
0 
7 
0 
0 
4 
5 
5 
0 
0 
4 
3 
0 
0 
3 
7 
7 
4 
0 
4 
0 
0 
5 
0 
4 
5 
4 
0 
4 
0 
0 
3 
0 
0 
4 
0 
0 
3 
4 
3 
0 
0 
5 
0 
0 
4 
4 
4 
3 
0 
0 
6 
0 
0 
4 
0 
3 
4 
6 
8 
6 
0 
7 
0 
0 
6 
0 
0 
3 
0 
5 
4 
7 
7 
3 
0 
3 
0 
0 
4 
0 
3 
4 
3 
3 
0 
0 
5 
0 
0 
3 
0 
0 
5 
0 
4 
2 
4 
4 
0 
2 
0 
0 
8 
7 
6 
0 
4 
0 
0 
3 
0 
5 
4 
3 
4 
0 
0 
4 
0 
0 
2 
5 
0 
0 
4 
0 
0 
5 
3 
4 
3 
4 
4 
0 
0 
4 
0 
0 
3 
5 
6 
4 
2 
0 
0 
4 
0 
0 
3 
7 
0 
0 
7 
0 
7 
6 
0 
7 
0 
0 
5 
0 
7 
7 
5 
0 
0 
5 
0 
4 
5 
0 
3 
0 
0 
5 
4 
0 
4 
3 
0 
0 
4 
0 
24386 
