3723 
215 
11131 
1644 
3 
5 
5 
1804 
3 
3 
3 
3 
0 
2 
0 
4 
0 
173 
0 
5 
4 
42 
0 
3 
0 
7 
0 
7 
0 
3 
0 
221 
4 
4 
0 
4 
3 
5 
3 
4 
3 
0 
3 
0 
0 
5 
3 
0 
4 
0 
14 
1128 
3 
3 
5 
4 
3 
0 
3 
4 
0 
3 
3 
4 
5 
0 
0 
4 
3 
5 
5 
0 
0 
6 
0 
6 
152 
0 
3 
5 
0 
279 
3 
4 
5 
627 
4 
0 
4 
0 
4 
0 
33 
3 
5 
3 
3 
5 
0 
4 
56 
4 
17 
6 
0 
4 
0 
255 
0 
3 
0 
5 
0 
57 
0 
0 
7 
1406 
0 
7 
7 
6 
3 
2 
4 
209 
0 
5 
0 
6 
0 
0 
3 
45 
0 
6 
191 
3 
5 
0 
4 
4 
0 
0 
4 
0 
4 
4 
6 
0 
4 
4 
3 
0 
0 
21 
0 
5 
0 
6 
4 
3 
0 
5 
0 
5 
6 
0 
3 
0 
3 
1418 
0 
3 
108 
3 
4 
0 
3 
0 
5 
0 
4 
0 
5 
4 
181 
7 
0 
7 
7 
7 
4 
0 
3 
0 
5 
0 
4 
0 
40 
4 
0 
5 
39 
0 
692 
5 
0 
3 
0 
3 
0 
3 
0 
2 
0 
92 
6 
0 
4 
0 
983 
21 
4 
29 
0 
4 
0 
7 
0 
4021 
2044 
6 
1377 
2 
3 
5 
4 
4 
7 
5 
4 
4 
4 
3 
5 
6 
3 
154 
0 
19 
7 
5 
0 
6 
3 
3 
2 
0 
0 
5 
6 
7 
0 
74 
5 
6 
25 
5 
1460 
5 
0 
0 
6 
5 
3 
4 
3 
737 
590 
0 
4 
0 
1044 
4 
5 
407 
3 
0 
5 
0 
4 
4 
3 
517 
0 
3 
0 
3 
4 
0 
0 
4 
0 
4 
4 
3 
22 
5 
0 
5 
0 
0 
4 
0 
1151 
22 
3 
0 
5 
0 
5 
0 
0 
3 
0 
5 
0 
0 
41 
4 
0 
6 
15 
2 
0 
0 
6 
0 
4 
0 
4 
30 
6 
7 
7 
7 
6 
4 
3 
3 
4 
1824 
0 
0 
4 
0 
3 
5 
4 
0 
3 
509 
0 
4 
83 
4 
74 
42 
6 
0 
7 
5 
7 
6 
0 
0 
6 
341 
5 
3 
4 
3 
5 
0 
5 
5 
19209 
1999 
376 
575 
1543 
1544 
4 
547 
0 
5 
0 
575 
4 
3 
0 
0 
3 
5 
3 
0 
4 
6 
350 
4 
0 
5 
0 
5 
3 
4 
0 
250 
3 
3 
248 
0 
3 
2 
5 
0 
4 
0 
0 
3 
0 
4 
4 
115 
5 
4 
4 
5 
0 
0 
1277 
4 
0 
3 
417 
4 
0 
2 
0 
6 
3 
0 
2 
3 
5 
0 
3 
159 
0 
17 
156 
4 
4 
0 
4 
4 
5 
0 
4 
4 
265 
3 
4 
0 
0 
5 
162 
3 
5 
5 
4 
3 
0 
4 
0 
3 
0 
7 
8 
6 
4 
94 
5 
4 
53 
0 
4 
0 
1173 
4 
4 
255 
5 
0 
4 
0 
4 
0 
0 
3 
0 
0 
0 
3 
3 
0 
21 
42 
0 
99 
6 
6 
47 
5 
5 
58 
6 
0 
7 
0 
7 
5 
730 
4 
0 
4 
4 
0 
607 
2 
3 
2 
0 
383 
0 
2 
0 
4 
0 
3 
0 
7 
0 
989 
6 
5 
4 
0 
3 
0 
122 
80 
3 
0 
0 
5 
4 
4 
2 
0 
0 
3 
0 
0 
4 
5 
4 
4 
41 
3 
3 
3 
0 
3 
780 
3 
5 
0 
10 
85 
0 
4 
0 
3 
0 
5 
0 
3 
0 
6 
5 
0 
3 
0 
3 
0 
113 
3 
4 
4 
0 
448 
0 
4 
0 
6 
9680 
0 
5 
0 
6 
0 
0 
3 
4 
7 
0 
0 
0 
4 
3 
4 
236 
3 
2 
2 
3 
0 
4 
0 
0 
76 
4 
1058 
5 
0 
4 
0 
490 
7 
628 
3 
4 
3 
350 
3 
12 
4 
6 
35 
0 
0 
3 
5 
0 
1531 
4 
0 
4 
542 
4 
4 
3 
4 
180 
3 
0 
0 
7 
427 
4 
5 
6 
8 
208 
4 
7 
0 
4 
46 
5 
71 
0 
5 
63 
4 
4 
0 
4 
0 
380 
5 
4 
4 
4 
0 
841 
4 
4 
320 
0 
0 
11 
57 
0 
4 
794 
5 
0 
2 
0 
5 
0 
4 
0 
395 
3 
5 
716 
6 
4 
4 
0 
5 
5 
49 
3 
4 
3 
0 
5 
4 
5 
0 
3 
0 
0 
3 
5 
188 
0 
0 
6 
0 
4 
0 
0 
4 
0 
7 
41 
0 
0 
3 
0 
4 
132 
0 
4 
4 
0 
5 
3 
3 
0 
3 
5 
4 
671 
3 
0 
5 
5 
5 
0 
2 
169 
5 
4 
0 
5 
7 
6 
8 
6 
0 
6 
0 
3 
0 
0 
4 
55 
0 
0 
4 
0 
5 
0 
5 
0 
3 
630 
3 
2 
3 
5 
458 
0 
0 
4 
0 
189 
0 
4 
482 
3 
0 
5 
0 
5 
4 
5 
0 
38 
0 
