3644 
3 
19428 
1404 
43 
24 
3 
3 
0 
2 
0 
3 
0 
2 
0 
3 
0 
6 
0 
6 
61 
20 
7 
76 
5 
4 
0 
3 
0 
3 
0 
0 
2 
5 
5 
4 
25 
3 
4 
3 
75 
4 
6 
5 
0 
0 
0 
4 
0 
3 
0 
6 
0 
142 
0 
4 
4 
0 
3 
0 
0 
4 
55 
0 
0 
0 
5 
0 
4 
0 
3 
0 
0 
181 
3 
0 
10 
15 
9 
4 
6 
0 
4 
0 
5 
2 
3 
103 
5 
6 
5 
0 
0 
5 
0 
7 
0 
7 
0 
3 
0 
3 
44 
3 
4 
4 
7 
7 
6 
17 
3 
3 
4 
3 
91 
2 
0 
0 
4 
3 
6 
5 
0 
4 
3 
5 
3 
3 
60 
4 
0 
88 
4 
4 
5 
4 
4 
4 
3 
0 
108 
7 
6 
6 
3 
4 
0 
3 
0 
5 
0 
6 
0 
3 
0 
0 
5 
0 
0 
3 
0 
0 
0 
3 
0 
4 
0 
0 
5 
0 
0 
3 
0 
0 
4 
0 
3 
0 
5 
0 
0 
3 
0 
3 
5 
4 
0 
5 
4 
6 
0 
157 
74 
0 
5 
28 
3 
0 
3 
3 
4 
0 
0 
0 
0 
4 
3 
0 
3 
0 
3 
0 
4 
66 
0 
0 
3 
0 
4 
7 
5 
27 
23 
5 
4 
6 
4 
3 
4 
7 
7 
8 
8 
0 
0 
6 
0 
4 
0 
0 
4 
0 
4 
7625 
3 
0 
4 
0 
4 
0 
3 
0 
4 
0 
6 
0 
4 
0 
0 
22 
4 
3 
0 
6 
0 
6 
0 
0 
3 
3 
38 
22 
7 
164 
43 
2 
2 
6 
6 
7 
6 
0 
3 
3 
4 
0 
6 
3 
4 
0 
0 
4 
10 
3 
4 
6 
4 
3 
0 
79 
4 
3 
6 
5 
0 
5 
2 
0 
3 
71 
3 
4 
6 
7 
0 
3 
5 
25 
4 
0 
0 
0 
5 
142 
0 
3 
3 
0 
4 
311 
3 
0 
3 
0 
522 
2 
0 
2 
0 
142 
4 
0 
4 
0 
3 
4 
4 
28 
6 
5 
6 
4 
5 
0 
2 
2 
4 
86 
2 
0 
6 
0 
6 
10 
0 
4 
104 
3 
0 
279 
3 
173 
12 
4 
3 
5 
2 
0 
3 
0 
0 
3 
0 
0 
3 
0 
3 
0 
0 
3 
0 
4 
0 
0 
3 
0 
4 
90 
5 
0 
0 
7 
0 
5 
0 
6 
5 
5 
4 
0 
7 
6 
7 
8 
313 
118 
3 
0 
4 
4 
51 
5 
0 
47 
8 
4 
3 
0 
6 
6 
2 
0 
191 
33 
2 
0 
3 
64 
4 
4 
11 
3 
0 
0 
5 
0 
23 
2 
4 
3 
4 
6 
7 
98 
0 
4 
0 
4 
0 
4 
5 
0 
0 
6 
4 
3 
3 
111 
3 
0 
4 
2954 
7 
0 
6 
0 
4 
0 
0 
6 
5 
0 
4 
0 
0 
5 
0 
4 
4 
0 
5 
4 
5 
2 
0 
0 
4 
5 
5 
0 
0 
3 
0 
0 
301 
5 
5 
4 
0 
5 
3 
0 
4 
4 
0 
324 
4 
89 
5 
0 
4 
0 
0 
3 
0 
4 
0 
7 
4 
0 
7 
0 
3 
4 
0 
0 
3 
0 
3 
0 
5 
0 
4 
0 
4 
4 
5 
5 
4 
4 
5 
3 
3 
2 
22 
3 
4 
6 
3 
0 
7 
0 
3 
0 
3 
0 
3 
19171 
1704 
597 
955 
1718 
4 
0 
4 
0 
4 
0 
3 
0 
3 
0 
6 
0 
6 
93 
6 
6 
34 
0 
0 
5 
0 
6 
4 
5 
172 
4 
0 
0 
6 
4 
4 
5 
3 
6 
5 
5 
0 
3 
0 
3 
0 
0 
3 
5 
0 
3 
0 
4 
0 
0 
6 
0 
0 
0 
5 
0 
0 
4 
0 
3 
3 
7 
5 
5 
4 
3 
0 
0 
4 
0 
3 
0 
0 
4 
0 
26 
7 
6 
7 
0 
0 
4 
0 
2 
65 
4 
4 
0 
3 
0 
0 
4 
0 
3 
4 
0 
6 
4 
2 
4 
5 
5 
5 
0 
4 
0 
4 
6 
0 
3 
0 
0 
0 
4 
3 
4 
3 
4 
3 
3 
4 
128 
3 
3 
4 
3 
4 
5 
0 
73 
2 
3 
0 
31 
2 
6 
163 
62 
4 
0 
3 
5 
0 
3 
0 
0 
4 
0 
4 
0 
4 
4 
5 
4 
8 
5 
311 
4 
5 
0 
7 
3 
5 
4 
3 
56 
56 
4 
6 
14 
0 
4 
0 
0 
4 
3 
0 
3 
0 
4 
0 
3 
0 
3 
0 
0 
5 
0 
4 
0 
4 
0 
0 
5 
0 
0 
160 
0 
4 
51 
3 
4 
0 
7 
0 
0 
4 
0 
3 
0 
0 
0 
4 
0 
0 
4 
5 
4 
0 
4 
0 
0 
4 
0 
7696 
5 
0 
3 
0 
4 
0 
4 
0 
6 
0 
7 
0 
8 
156 
7 
8 
0 
0 
7 
0 
6 
0 
7 
7 
4 
3 
3 
2 
0 
0 
5 
2 
0 
5 
0 
5 
0 
0 
4 
4 
0 
2 
0 
4 
6 
5 
4 
4 
4 
4 
5 
5 
61 
5 
4 
4 
4 
3 
0 
3 
0 
0 
8 
517 
3 
0 
98 
35 
5 
4 
6 
0 
4 
0 
0 
4 
0 
4 
8 
3 
3 
4 
3 
5 
4 
2 
5 
3 
0 
0 
0 
3 
0 
3 
0 
6 
5 
67 
0 
5 
0 
0 
4 
105 
3 
0 
0 
8 
0 
0 
6 
758 
0 
141 
13 
4 
6 
0 
4 
0 
2 
0 
0 
0 
5 
2 
0 
55 
4 
176 
1430 
4 
2 
0 
0 
0 
3 
0 
6 
0 
0 
19 
4 
5 
4 
3 
0 
8 
2 
0 
0 
4 
0 
8 
6 
0 
0 
3 
0 
4 
0 
0 
3 
0 
3 
0 
0 
4 
0 
3 
5 
0 
5 
9 
5 
5 
4 
3 
0 
0 
0 
6 
8 
5 
6 
6 
0 
4 
4 
2 
3 
0 
5 
2 
3 
88 
3 
0 
3 
0 
0 
5 
0 
0 
5 
0 
0 
32 
4 
5 
3 
3 
0 
93 
4 
74 
6 
6 
5 
3 
2 
0 
0 
6 
0 
3 
5 
0 
3 
0 
0 
0 
5 
3 
2 
2 
0 
4 
0 
3 
4 
3 
5 
5 
3 
0 
3 
220 
4 
4 
3 
437 
50 
3 
4 
0 
7 
0 
6 
0 
0 
0 
2 
0 
3 
0 
4 
61 
255 
4 
4 
3 
8 
2 
0 
7 
4 
0 
5 
0 
5 
5 
292 
4 
7 
0 
7 
0 
7 
0 
0 
0 
2 
4 
0 
6 
0 
2 
0 
4 
0 
0 
0 
4 
3 
3 
0 
5 
0 
3 
0 
0 
0 
3 
5 
7616 
4 
0 
4 
0 
4 
0 
4 
0 
7 
0 
7 
0 
4 
0 
3 
0 
0 
6 
10 
0 
6 
0 
6 
0 
0 
4 
3 
4 
5 
5 
0 
23 
0 
0 
0 
64 
3 
3 
0 
4 
0 
3 
0 
4 
0 
0 
0 
5 
90 
1918 
3 
36 
4 
6 
4 
0 
3 
23 
4 
4 
0 
7 
0 
0 
3 
4 
5 
291 
5 
0 
59 
26 
3 
7 
5 
4 
3 
2 
2 
5 
4 
2 
2 
4 
6 
3 
2 
4 
4 
0 
67 
0 
0 
4 
0 
0 
5 
4 
0 
5 
0 
4 
3 
530 
4 
0 
0 
58 
5 
3 
5 
0 
0 
5 
0 
2 
0 
0 
4 
0 
6 
7 
79 
3 
3 
3 
4 
0 
0 
0 
22 
6 
5 
6 
0 
3 
4 
177 
4 
3 
5 
5 
5 
4 
4 
4 
4 
4 
3 
6 
242 
0 
0 
5 
0 
0 
0 
6 
0 
0 
0 
4 
0 
322 
3 
0 
74 
16 
3 
19 
4 
0 
0 
0 
0 
3 
105 
12 
5 
0 
0 
3 
0 
3 
0 
0 
4 
2 
106 
0 
122 
14 
4 
4 
0 
0 
3 
0 
6 
0 
0 
2 
0 
0 
0 
5 
0 
0 
5 
0 
4 
0 
3 
0 
4 
0 
7 
0 
0 
2 
0 
4 
0 
0 
4 
0 
5 
0 
0 
3 
0 
0 
