5125 
168 
2 
41 
4 
2 
3 
2 
3 
4 
3 
3 
76 
4 
4 
83 
5 
4 
4 
3 
28 
3 
4 
5 
4 
237 
4 
4 
3 
5 
161 
2 
3 
3 
3 
58 
2 
3 
5 
3 
3 
3 
104 
4 
3 
3 
4 
4 
5 
0 
4 
0 
6 
5 
4 
0 
5 
4 
0 
5 
0 
0 
5 
0 
0 
4 
3 
0 
0 
3 
6 
50 
0 
4 
0 
5 
0 
0 
7 
0 
5 
4 
6 
0 
0 
5 
0 
3 
0 
0 
0 
5 
0 
0 
0 
3 
0 
4 
0 
0 
3 
0 
5 
0 
3 
0 
4 
0 
0 
0 
4 
0 
3 
4 
0 
4 
4 
0 
0 
4 
45 
5 
3 
0 
0 
4 
54 
3 
3 
4 
7 
5 
5 
8 
0 
4 
5 
0 
0 
94 
4 
89 
4 
4 
114 
3 
0 
0 
0 
2 
0 
0 
0 
0 
5 
0 
0 
0 
5 
0 
0 
4 
0 
0 
3 
0 
4 
0 
3 
0 
5 
0 
0 
5 
0 
0 
3 
0 
5 
0 
0 
5 
0 
3 
4 
5 
5 
5 
57 
0 
5 
223 
6 
3 
4 
4 
5 
3 
5 
3 
119 
12 
4 
4 
76 
3 
0 
4 
0 
0 
0 
4 
0 
0 
3 
2 
3 
4 
0 
0 
3 
5 
0 
0 
5 
6 
5 
6 
0 
0 
0 
5 
0 
5 
0 
0 
3 
61 
3 
3 
6 
5 
4 
4 
23 
4 
4 
3 
5 
5 
0 
3 
0 
0 
4 
0 
4 
0 
5 
0 
0 
5 
0 
0 
4 
0 
0 
0 
3 
0 
5 
0 
6 
0 
0 
0 
4 
0 
0 
4 
0 
0 
0 
0 
7 
0 
6 
4 
3 
4 
0 
5 
7 
4 
3 
0 
4 
0 
28 
0 
5 
0 
0 
0 
4 
0 
0 
0 
3 
0 
6 
0 
5 
0 
0 
0 
0 
3 
0 
0 
4 
0 
7 
0 
7 
0 
0 
7 
8 
0 
8 
5 
125 
7 
4 
7 
444 
0 
3 
3 
156 
3 
5 
4 
4 
4 
3 
5 
4 
3 
237 
4 
4 
2 
0 
0 
77 
3 
4 
3 
4 
0 
0 
0 
4 
0 
0 
0 
5 
0 
4 
0 
0 
7641 
644 
4 
5 
122 
4 
6 
6 
6 
4 
0 
0 
3 
0 
0 
0 
5 
0 
122 
0 
3 
0 
4 
0 
59 
0 
4 
3 
2 
0 
4 
4 
3 
17 
5 
4 
4 
6 
5 
3 
28 
4 
5 
4 
5 
2 
5 
4 
3 
5 
5 
5 
4 
54 
3 
4 
2 
5 
0 
6 
0 
0 
0 
0 
7 
0 
0 
5 
0 
3 
4 
4 
4 
4 
45 
5 
3 
3 
5 
2 
5 
3 
0 
0 
0 
0 
4 
0 
5 
0 
0 
4 
0 
3 
0 
0 
6 
45 
4 
0 
0 
4 
0 
0 
0 
4 
0 
0 
5 
0 
0 
0 
0 
3 
0 
0 
3 
91 
4 
5 
0 
0 
0 
3 
0 
0 
0 
5 
0 
0 
0 
0 
4 
0 
0 
4 
0 
0 
7 
0 
3 
4 
0 
4 
4 
0 
0 
0 
0 
24 
4 
0 
0 
10 
0 
4 
0 
0 
3 
2 
0 
0 
0 
0 
4 
0 
0 
4 
4 
4 
0 
3 
5 
4 
3 
3 
4 
6 
0 
4 
0 
0 
0 
4 
0 
3 
4 
5 
3 
3 
3 
16 
5 
0 
0 
4 
0 
2 
0 
0 
4 
0 
0 
5 
8 
4 
0 
0 
4 
0 
0 
5 
0 
5 
0 
0 
0 
4 
0 
0 
0 
3 
0 
5 
4 
6 
4 
3 
5 
4 
19 
4 
4 
0 
2 
228 
3 
5 
3 
4 
91 
6 
4 
7 
0 
0 
7 
0 
10 
0 
8 
0 
0 
3 
0 
2 
0 
4 
5 
3 
3 
0 
5 
0 
4 
0 
0 
3 
17162 
1443 
3 
1177 
7 
705 
3 
2702 
5 
237 
5 
6 
156 
3 
4 
3 
5 
128 
4 
3 
2 
3 
4 
104 
2 
2 
4 
4 
4 
5 
6 
3 
6 
3 
0 
0 
6 
0 
0 
0 
4 
0 
0 
8 
0 
0 
8 
0 
0 
7 
0 
4 
0 
0 
0 
0 
3 
0 
0 
0 
5 
0 
6 
0 
3 
0 
0 
0 
0 
5 
0 
3 
0 
0 
4 
0 
5 
0 
0 
4 
5 
0 
6 
0 
3 
0 
0 
5 
0 
0 
4 
0 
5 
21 
4 
0 
0 
0 
8 
5 
0 
0 
3 
0 
5 
0 
0 
0 
4 
0 
0 
5 
0 
0 
6 
0 
0 
0 
4 
0 
0 
0 
3 
0 
0 
4 
0 
5 
0 
3 
0 
4 
0 
4 
268 
3 
3 
3 
5 
4 
16 
5 
5 
5 
4 
0 
6 
0 
0 
0 
8 
0 
0 
0 
7 
264 
0 
0 
5 
0 
0 
7 
6 
0 
0 
41 
0 
3 
0 
4 
0 
0 
5 
4 
0 
0 
4 
0 
0 
3 
0 
5 
4 
4 
0 
4 
0 
0 
4 
0 
0 
4 
4 
3 
2 
0 
6 
7 
0 
5 
0 
3 
0 
0 
3 
0 
0 
0 
4 
0 
0 
0 
3 
4 
5 
3 
4 
0 
4 
0 
3 
0 
0 
4 
0 
0 
0 
4 
0 
5 
4 
0 
0 
0 
4 
4 
0 
7 
0 
5 
0 
0 
5 
0 
0 
4 
0 
0 
3 
0 
0 
0 
5 
4 
0 
4 
0 
0 
5 
5 
0 
4 
3 
5 
0 
0 
0 
3 
0 
5 
0 
5 
0 
0 
4 
0 
0 
0 
0 
3 
0 
0 
5 
0 
0 
0 
5 
0 
0 
0 
7 
6 
5 
0 
4 
3 
0 
0 
5 
0 
4 
0 
0 
5 
0 
4 
0 
3 
4 
3 
5 
0 
0 
6 
6 
0 
0 
6 
4 
0 
0 
4 
0 
4 
0 
4 
2 
0 
0 
0 
4 
0 
5 
0 
0 
0 
2 
934 
4 
0 
0 
5 
0 
9296 
8 
682 
3 
5 
0 
0 
0 
0 
3 
0 
0 
5 
5 
6 
4 
0 
0 
0 
4 
0 
0 
0 
0 
4 
4 
4 
4 
5 
5 
0 
0 
0 
3 
0 
0 
0 
4 
3 
0 
0 
5 
2 
0 
0 
6 
0 
0 
0 
3 
5 
0 
3 
4 
0 
5 
4 
5 
4 
4 
4 
4 
34 
4 
0 
5 
123 
3 
3 
0 
0 
0 
0 
0 
5 
5 
4 
0 
0 
0 
4 
0 
0 
0 
3 
0 
0 
0 
4 
0 
3 
0 
0 
5 
0 
0 
5 
707 
7 
0 
205 
3 
0 
3 
0 
4 
0 
4 
0 
263 
0 
4 
0 
0 
4 
0 
3 
0 
0 
5 
0 
3 
0 
0 
7 
0 
0 
0 
3 
0 
0 
6 
0 
0 
6 
0 
8 
0 
0 
0 
0 
7 
8 
4 
3 
100 
4 
3 
5 
362 
3 
18 
4 
3 
4 
0 
6 
0 
0 
5 
34 
191 
3 
71 
4 
4 
0 
0 
5 
0 
3 
0 
9 
0 
3 
0 
7 
7 
34 
5 
0 
0 
4 
0 
4 
5 
0 
0 
1918 
3 
4 
411 
6 
8 
356 
5 
3 
830 
0 
4 
4636 
1415 
2439 
