2912 
47 
481 
218 
534 
2520 
0 
0 
3 
0 
0 
2 
0 
0 
4 
0 
0 
6 
0 
5 
0 
0 
0 
3 
0 
0 
5 
0 
0 
5 
0 
0 
3 
0 
2 
5 
6 
8 
0 
3 
5 
5 
3 
5 
3 
0 
0 
0 
6 
3 
3 
0 
6 
0 
5 
0 
5 
0 
4 
5 
0 
0 
3 
0 
7 
0 
0 
6 
4 
0 
3 
0 
0 
3 
0 
4 
0 
5 
0 
4 
0 
4 
0 
4 
0 
5 
0 
3 
0 
4 
0 
5 
0 
3 
0 
0 
3 
0 
5 
5 
4 
0 
4 
0 
3 
0 
4 
5 
4 
0 
2 
6 
0 
0 
3 
0 
0 
4 
0 
3 
0 
5 
0 
0 
5 
0 
3 
0 
123 
5 
4 
293 
3 
6 
7 
3 
2 
3 
5 
5 
0 
0 
4 
0 
0 
159 
0 
0 
4 
0 
0 
5 
0 
0 
2 
0 
4 
288 
0 
2 
0 
3 
0 
0 
4 
0 
4 
0 
4 
0 
5 
0 
4 
0 
3 
0 
0 
0 
3 
0 
3 
4 
0 
7 
0 
4 
0 
5 
0 
0 
4 
3 
0 
3 
0 
3 
0 
5 
0 
6 
0 
0 
4 
0 
12 
4 
0 
3 
0 
5 
0 
7 
6 
5 
0 
0 
4 
0 
7 
5 
0 
7 
0 
4 
0 
0 
4 
0 
0 
5 
5 
0 
0 
5 
6 
0 
0 
3 
9 
3 
0 
3 
0 
0 
4 
0 
3 
3 
2 
0 
5 
0 
0 
2 
0 
0 
4 
0 
6 
0 
7 
9958 
7 
0 
5 
0 
4 
4 
0 
2 
3 
0 
0 
2 
0 
2 
0 
0 
0 
5 
6 
6 
7 
6 
5 
4 
4 
0 
3 
0 
0 
0 
3 
0 
0 
5 
0 
0 
0 
4 
0 
0 
3 
0 
0 
5 
0 
0 
0 
3 
0 
0 
3 
0 
0 
4 
0 
0 
89 
322 
4 
97 
3 
5 
0 
4 
141 
4 
4 
3 
251 
4 
4 
0 
3 
0 
0 
4 
0 
5 
104 
4 
4 
3 
127 
19 
172 
5 
0 
3 
0 
5 
0 
5 
2 
3 
4 
5 
3 
0 
4 
0 
7 
0 
3 
0 
0 
0 
0 
22 
0 
0 
3 
0 
0 
0 
0 
5 
0 
0 
0 
0 
0 
5 
4 
0 
0 
4 
0 
4 
4 
0 
4 
0 
3 
0 
0 
4 
4 
0 
0 
0 
0 
0 
3 
0 
0 
8 
0 
0 
3 
0 
0 
2 
0 
4 
0 
3 
2 
0 
0 
0 
2 
0 
0 
0 
0 
4 
3 
0 
0 
0 
0 
4 
0 
0 
4 
0 
6 
0 
0 
3 
0 
3 
0 
3 
0 
0 
0 
5 
0 
0 
2 
0 
0 
0 
4 
0 
0 
0 
4 
0 
0 
5 
0 
0 
4 
0 
0 
4 
0 
0 
0 
5 
0 
2 
0 
5 
0 
0 
3 
3 
0 
0 
0 
7 
6 
4 
2 
3 
4 
3 
3 
4 
0 
0 
3 
0 
0 
5 
0 
0 
3 
0 
0 
4 
0 
2 
0 
0 
3 
0 
4 
0 
2 
0 
0 
0 
3 
0 
0 
3 
0 
4 
0 
0 
0 
2 
0 
4 
0 
0 
3 
0 
4 
4 
6 
2 
4 
1768 
4 
4 
4 
8 
3165 
3 
102 
3 
185 
5 
2 
489 
2 
3 
3 
3 
0 
5 
0 
0 
4 
3 
5 
0 
0 
3 
0 
0 
3 
0 
2 
0 
3 
302 
5 
99 
4 
63 
4 
183 
271 
0 
10 
0 
3 
0 
0 
5 
4 
4 
3 
2 
0 
0 
3 
0 
6 
0 
3 
32 
3 
5 
4 
0 
5 
3 
4 
0 
0 
3 
0 
4 
0 
0 
6 
0 
7 
0 
4 
0 
4 
0 
4 
0 
5 
0 
5 
0 
7 
0 
7 
0 
4 
0 
2 
0 
0 
0 
3 
0 
0 
4 
5 
5 
0 
0 
3 
4 
3 
3 
0 
0 
0 
5 
0 
3 
4 
0 
5 
0 
4 
0 
5 
0 
3 
0 
0 
0 
4 
0 
0 
5 
265 
0 
0 
6 
255 
7 
50 
0 
4 
0 
0 
0 
4 
0 
0 
0 
4 
0 
0 
4 
0 
4 
0 
0 
5 
0 
3 
3 
0 
0 
4 
0 
0 
3 
0 
0 
3 
3 
0 
4 
0 
5 
0 
5 
0 
4 
0 
4 
0 
0 
4 
246 
4 
0 
0 
4 
0 
0 
3 
0 
0 
0 
4 
0 
0 
5 
0 
3 
4 
5 
4 
34 
3 
7 
0 
0 
5 
37 
2 
0 
0 
5 
2 
4 
0 
0 
3 
0 
3 
96 
3 
0 
0 
3 
0 
4 
3 
0 
0 
2 
0 
0 
4 
3 
0 
6 
0 
0 
0 
0 
7 
6 
0 
59 
7 
0 
3 
0 
0 
4 
0 
3 
0 
0 
15735 
4 
4 
44 
236 
75 
6 
3 
67 
3 
5 
3 
113 
4 
791 
165 
1471 
3 
828 
4 
4 
3 
4 
0 
0 
4 
0 
0 
4 
3 
0 
3 
0 
5 
0 
4 
0 
0 
0 
3 
0 
3 
4 
5 
8 
5 
6 
3 
2 
4 
5 
4 
6 
0 
4 
2 
4 
5 
4 
0 
4 
3 
5 
4 
0 
5 
3 
0 
0 
6 
0 
0 
0 
4 
0 
0 
4 
0 
0 
3 
0 
0 
3 
0 
0 
4 
0 
4 
3 
0 
6 
0 
3 
0 
3 
3 
0 
4 
0 
4 
0 
4 
5 
0 
0 
3 
0 
0 
0 
3 
0 
0 
3 
0 
3 
0 
0 
0 
5 
0 
0 
4 
0 
0 
3 
0 
4 
3 
0 
4 
24 
0 
0 
5 
3 
4 
3 
5 
0 
0 
3 
0 
4 
0 
0 
3 
0 
3 
0 
0 
4 
0 
0 
4 
0 
0 
0 
6 
0 
0 
0 
4 
0 
8 
6 
7 
0 
3 
0 
3 
0 
4 
0 
30 
0 
0 
3 
0 
4 
4 
126 
5 
4 
3 
0 
0 
111 
0 
0 
4 
0 
0 
3 
0 
0 
5 
6 
0 
0 
4 
0 
0 
5 
0 
10 
0 
0 
3 
0 
0 
4 
0 
0 
5 
0 
0 
0 
2 
0 
7 
0 
0 
0 
5 
0 
5 
0 
0 
0 
4 
0 
3 
0 
0 
0 
4 
0 
0 
4 
0 
0 
5 
0 
0 
0 
4 
0 
0 
4 
0 
0 
0 
5 
0 
0 
0 
6 
0 
0 
5 
0 
4 
7 
7 
0 
5 
0 
3 
3 
0 
4 
0 
0 
5 
4 
3 
116 
4 
0 
0 
0 
0 
3 
3 
101 
0 
3 
0 
41 
0 
5 
0 
3105 
3 
4 
4 
4 
5 
3 
4 
4 
4 
2082 
6 
4 
671 
4 
266 
3 
330 
2 
337 
4 
3 
4 
8 
8 
0 
6 
0 
0 
4 
3 
0 
2 
0 
7 
0 
0 
4 
0 
0 
3 
0 
4 
0 
7 
0 
0 
7 
0 
6 
4 
0 
5 
0 
0 
5 
0 
0 
0 
5 
0 
0 
5 
0 
4 
0 
0 
0 
5 
0 
0 
0 
4 
0 
4 
0 
0 
4 
6 
0 
0 
142 
4 
5 
0 
3 
0 
23 
0 
0 
6 
0 
0 
3 
0 
4 
0 
0 
3 
0 
0 
67 
4 
0 
3 
3 
0 
0 
5 
3 
0 
5 
5 
113 
4 
0 
0 
0 
5 
0 
0 
4 
3 
3 
0 
4 
0 
5 
0 
0 
0 
6 
0 
4 
4 
4 
4 
8 
6 
0 
6 
8 
5 
0 
22 
4 
3 
0 
0 
0 
5 
0 
7 
0 
4 
0 
0 
0 
3 
0 
0 
0 
0 
5 
0 
0 
0 
0 
3 
0 
0 
4 
0 
4 
5 
0 
0 
5 
3 
0 
5 
0 
5 
0 
0 
4 
0 
3 
0 
4 
0 
6 
0 
0 
0 
4 
0 
3 
0 
4 
8 
6 
83 
2 
4 
5 
6 
0 
14 
3 
72 
4 
0 
0 
0 
4 
0 
0 
0 
3 
0 
0 
0 
26 
0 
0 
4 
0 
0 
4 
0 
0 
0 
0 
4 
0 
4 
0 
0 
6 
0 
49 
3 
0 
0 
5 
0 
0 
3 
0 
0 
0 
5 
0 
6 
0 
0 
3 
0 
0 
5 
0 
0 
0 
4 
0 
0 
0 
0 
3 
64 
0 
4 
0 
0 
0 
3 
3 
0 
0 
5 
0 
0 
134 
5 
42 
44 
5983 
4 
3 
540 
3 
4 
4 
104 
5 
7 
6 
5 
0 
0 
0 
7 
0 
0 
3 
0 
0 
5 
0 
0 
4 
7 
3 
3 
0 
0 
252 
4 
4 
4 
3 
2 
3 
28 
5 
4 
3 
4 
5 
58 
0 
4 
0 
5 
0 
4 
0 
0 
4 
0 
4 
0 
3 
0 
6 
0 
5 
0 
5 
9 
0 
0 
4 
0 
0 
0 
5 
0 
0 
0 
5 
3 
10 
0 
5 
0 
6 
0 
0 
5 
47 
4 
1 
0 
5 
5 
0 
323 
0 
0 
0 
4 
0 
0 
3 
4 
0 
2 
0 
0 
0 
3 
0 
0 
0 
5 
0 
0 
6 
0 
4 
0 
3 
0 
5 
0 
5 
0 
3 
9 
0 
5 
4 
0 
4 
5 
0 
0 
5 
0 
4 
0 
0 
0 
5 
0 
0 
5 
0 
4 
0 
0 
0 
2 
0 
0 
4 
0 
3 
0 
0 
41 
6 
0 
0 
4 
5 
0 
5 
7 
0 
0 
0 
4 
0 
0 
5 
0 
3 
12 
0 
5 
0 
0 
6 
0 
0 
4 
0 
0 
5 
0 
0 
2 
65 
82 
4 
4 
2 
4 
4 
0 
3 
0 
0 
0 
5 
0 
0 
0 
3 
0 
4 
0 
0 
0 
0 
0 
3 
