2548 
13031 
2 
5 
4 
4 
3 
3 
4 
4 
4 
3 
2 
3 
4 
6 
4 
4 
4 
5 
4 
6 
3 
0 
0 
6 
0 
0 
3 
0 
5 
0 
3 
0 
0 
5 
0 
0 
4 
0 
0 
5 
4 
4 
2 
353 
7 
7 
147 
4 
0 
6 
0 
160 
65 
4 
0 
4 
65 
713 
4 
5 
63 
3 
4 
4 
4 
4 
3 
8 
7 
5 
3 
3 
3 
3 
0 
0 
2 
4 
4 
0 
3 
0 
3 
0 
4 
4 
3 
2 
0 
7 
0 
0 
3 
0 
3 
0 
3 
6 
0 
4 
3 
2 
0 
5 
0 
3 
0 
3 
0 
4 
0 
4 
0 
4 
0 
4 
4 
0 
4 
2 
0 
5 
6 
0 
3 
0 
0 
4 
0 
4 
4 
0 
4 
0 
3 
0 
5 
0 
3 
2 
0 
6 
0 
3 
4 
0 
3 
0 
0 
4 
0 
0 
4 
4 
5 
0 
0 
3 
4 
0 
7 
0 
10 
5 
4 
4 
3 
4 
4 
0 
3 
2 
3 
4 
0 
4 
4 
0 
4 
0 
2 
4 
6 
0 
2 
2 
5 
3 
0 
4 
0 
4 
5 
4 
3 
5 
2 
4 
672 
35 
3 
193 
5 
173 
0 
1 
5 
4 
5 
5 
81 
4 
4 
5 
3 
0 
4 
0 
6 
0 
4 
0 
3 
0 
4 
4 
3 
3 
4 
2 
2 
4 
5 
2 
3 
3 
3 
2 
0 
0 
3 
5 
3 
3 
6 
0 
4 
0 
3 
0 
5 
0 
0 
4 
0 
0 
5 
0 
0 
6 
0 
3 
5 
0 
4 
0 
4 
0 
0 
4 
0 
4 
3 
3 
0 
4 
2 
0 
5 
0 
0 
4 
0 
3 
0 
4 
0 
4 
5 
2 
5 
0 
3 
0 
2 
0 
4 
0 
3 
9647 
0 
3 
4 
417 
6 
0 
0 
2 
0 
4 
0 
6 
4 
4 
3 
0 
4 
4 
3 
4 
0 
4 
6 
0 
2 
0 
5 
0 
0 
3 
4 
4 
0 
2 
0 
3 
3 
0 
4 
0 
5 
0 
4 
0 
3 
0 
5 
0 
4 
3 
0 
3 
0 
3 
4 
4 
0 
6 
0 
0 
4 
4 
0 
6 
0 
4 
0 
0 
4 
0 
7 
5 
3 
177 
4 
2 
3 
4 
3 
0 
4 
0 
5 
3 
3 
0 
3 
0 
4 
0 
3 
3 
0 
2 
4 
4 
5 
0 
3 
0 
3 
0 
3 
3 
3 
5 
0 
3 
2 
5 
5 
4 
4 
4 
3 
6 
5 
39 
0 
4 
0 
4 
2 
0 
0 
7 
55 
0 
3 
510 
3 
3 
194 
0 
4 
610 
0 
3 
485 
0 
4 
3 
224 
3 
0 
3 
3 
73 
4 
0 
5 
0 
4 
0 
4 
3 
2 
6 
4 
2 
2 
6 
5 
3 
317 
2 
4 
3 
5 
4 
4 
4 
4 
6 
3 
9513 
8 
91 
3189 
7 
171 
1081 
78 
757 
1977 
2233 
4 
6 
5 
4 
3 
5 
4 
3 
3 
4 
0 
4 
4 
0 
4 
0 
0 
5 
4 
0 
2 
4 
0 
5 
4 
0 
3 
4 
0 
3 
0 
4 
0 
3 
3 
4 
0 
6 
0 
6 
41 
7 
5 
3 
3 
2 
5 
4 
2 
3 
3 
26 
0 
7 
0 
4 
3 
5 
0 
0 
0 
3 
4 
0 
0 
2 
3 
2 
7 
0 
0 
2 
2 
5 
7 
3 
3 
0 
4 
4 
3 
5 
0 
6 
4 
3 
4 
0 
0 
6 
0 
3 
2 
25 
5 
0 
4 
9 
0 
0 
5 
4 
0 
0 
0 
3 
4 
0 
3 
0 
0 
3 
5 
0 
48 
3 
2 
3 
20 
4 
0 
4 
218 
0 
3 
381 
4 
4 
2 
158 
3 
0 
5 
0 
2 
3 
4 
0 
2 
4 
0 
4 
0 
2 
0 
0 
6 
0 
8 
0 
4 
0 
0 
3 
0 
4 
2 
4 
0 
0 
4 
223 
0 
4 
403 
3 
4 
6 
4 
4 
4 
4 
4 
4 
0 
4 
0 
2 
4 
3 
0 
2 
0 
6 
0 
4 
0 
0 
4 
4 
3 
0 
6 
0 
6 
4 
0 
0 
4 
0 
0 
7 
0 
6 
0 
4 
3 
2 
3 
5 
6 
0 
4 
0 
3 
0 
5 
4 
0 
5 
3 
0 
0 
153 
0 
600 
0 
2 
4 
4 
3 
4 
4 
4 
3 
2 
4 
4 
303 
3 
5 
0 
0 
4 
144 
4 
3 
2 
3 
4 
3 
4 
0 
3 
0 
3 
5 
5 
3 
0 
3 
3 
9320 
4 
5 
5 
4 
3 
0 
4 
3 
0 
3 
0 
5 
0 
4 
3 
0 
3 
0 
5 
0 
0 
3 
3 
4 
4 
0 
4 
0 
5 
4 
0 
0 
6 
4 
4 
0 
2 
0 
3 
0 
4 
0 
3 
6 
7 
7 
7 
4 
3 
4 
3 
0 
4 
0 
5 
0 
3 
0 
3 
0 
3 
4 
684 
0 
5 
5 
0 
4 
0 
19 
0 
4 
4 
5 
0 
3 
4 
0 
3 
0 
2 
0 
5 
0 
4 
0 
3 
0 
3 
0 
3 
0 
5 
0 
6 
111 
3 
4 
3 
4 
2 
5 
6 
7 
3 
6 
3 
3 
4 
5 
2 
67 
2 
3 
4 
4 
4 
3 
4 
125 
5 
4 
2 
3 
5 
4 
4 
3 
0 
4 
7 
148 
0 
4 
0 
4 
3 
2 
3 
6 
0 
3 
0 
0 
4 
3 
7 
