5744 
4 
12988 
4 
14329 
44 
2 
0 
384 
2 
267 
0 
1 
0 
0 
6 
0 
287 
0 
217 
0 
6 
0 
0 
3 
22 
4 
0 
5 
5 
11 
21 
6 
4 
0 
0 
5 
4 
0 
0 
4 
28 
4 
0 
51 
24 
0 
3 
0 
0 
6 
0 
27 
0 
3 
0 
0 
0 
7 
7 
7 
0 
0 
5 
3 
0 
241 
4 
145 
64 
52 
11 
3 
33 
6 
5 
0 
0 
4 
0 
8 
5 
0 
2 
0 
76 
0 
0 
4 
2 
45 
35 
61 
32 
3 
5 
134 
0 
3 
0 
4 
122 
162 
0 
515 
0 
320 
4 
0 
4 
0 
13 
23 
62 
0 
0 
5 
0 
0 
0 
4 
0 
61 
0 
4 
0 
3 
0 
3 
0 
0 
4 
0 
0 
6 
0 
659 
4 
4 
0 
3 
0 
25 
44 
0 
7 
63 
0 
4 
0 
0 
24 
0 
6 
0 
132 
3 
0 
183 
26 
3 
0 
5 
0 
3 
0 
19 
3 
0 
2 
0 
0 
4 
0 
27 
134 
0 
5 
4 
64 
16 
5 
0 
163 
0 
3 
71 
4 
7 
6 
8 
7 
7 
7 
6 
7 
7 
101 
248 
5 
60 
0 
0 
0 
116 
3 
0 
149 
63 
3 
0 
0 
128 
4 
114 
163 
6 
0 
0 
4 
0 
0 
5 
850 
0 
94 
0 
4 
4 
59 
0 
4 
85 
0 
0 
82 
4 
4 
3 
199 
0 
0 
35 
0 
1314 
4 
342 
4 
41 
0 
4 
0 
0 
3 
87 
0 
180 
109 
0 
5 
0 
6 
0 
0 
0 
7 
611 
37 
0 
6 
121 
4 
216 
2 
2 
2 
3 
0 
4 
156 
7 
5 
10168 
60 
0 
5 
0 
300 
4 
165 
0 
3 
0 
0 
840 
5 
0 
4 
506 
1969 
5 
0 
0 
0 
0 
6 
0 
0 
9 
0 
55 
0 
27 
4 
0 
79 
4 
8 
0 
0 
9 
5 
0 
0 
3 
0 
53 
43 
0 
0 
6 
8 
0 
4 
20 
0 
52 
0 
5 
0 
3 
0 
3 
143 
0 
16 
0 
3 
0 
0 
68 
0 
334 
4 
71 
7 
0 
0 
876 
0 
4 
0 
3 
422 
5 
318 
4 
3 
87 
5 
0 
49 
171 
308 
700 
0 
4 
336 
288 
0 
295 
2 
32 
0 
6 
0 
0 
46 
0 
258 
4 
99 
4 
24 
5 
18 
0 
4 
0 
0 
8 
0 
3 
0 
4 
0 
159 
0 
4 
39 
0 
168 
0 
25 
4 
26 
4 
6 
3 
50 
0 
5 
295 
4 
0 
89 
0 
91 
0 
0 
60 
0 
4 
30 
50 
0 
3 
43 
0 
5 
13787 
299 
616 
186 
676 
453 
4003 
40 
3 
0 
0 
489 
0 
5 
3 
290 
4 
0 
3 
0 
0 
0 
4 
57 
0 
0 
7 
6 
0 
4 
31 
63 
0 
4 
0 
3 
164 
0 
6 
0 
5 
78 
5 
0 
0 
4 
0 
6 
4 
0 
3 
0 
5 
0 
8 
5 
0 
30 
0 
7 
3 
3 
590 
88 
4 
133 
0 
4 
442 
5 
510 
49 
0 
2 
28 
0 
5 
425 
5 
134 
2 
229 
0 
4 
0 
3 
0 
197 
51 
105 
235 
0 
0 
284 
3 
280 
4 
26 
5 
245 
0 
6 
0 
42 
3 
198 
0 
4 
0 
164 
97 
88 
221 
5 
0 
19 
6 
0 
0 
50 
0 
4 
0 
56 
5 
995 
0 
4 
0 
0 
18 
111 
0 
159 
3 
4 
555 
195 
0 
4 
0 
1049 
2 
2 
0 
2 
6 
68 
4 
21 
109 
19 
47 
42 
87 
0 
3 
0 
3 
0 
172 
785 
0 
4 
0 
0 
5 
4 
8 
9 
26 
0 
4 
14 
0 
4 
0 
154 
0 
3 
0 
0 
5 
0 
22 
5 
0 
3 
0 
5 
0 
97 
5 
4 
63 
59 
80 
52 
0 
3 
0 
3 
5 
0 
0 
97 
0 
4 
0 
0 
48 
101 
54 
6 
0 
6 
5 
46 
39 
13 
25 
40 
29 
9 
0 
7 
0 
0 
5 
51 
40 
126 
25 
3 
0 
5 
26 
0 
2 
0 
0 
9459 
5 
5 
212 
0 
0 
124 
0 
36 
0 
247 
0 
2 
0 
136 
3 
0 
0 
2 
0 
3 
0 
3 
50 
5 
0 
0 
79 
0 
0 
3 
0 
0 
6 
126 
0 
7 
0 
4 
125 
5 
0 
0 
7 
154 
0 
2 
118 
0 
5 
9 
0 
4 
66 
5 
0 
6 
0 
6 
0 
0 
5 
0 
40 
2 
0 
9 
67 
36 
5 
194 
93 
0 
20 
0 
6 
0 
7 
6 
0 
5 
4 
0 
5 
0 
0 
0 
28 
0 
0 
51 
3 
0 
4 
3 
236 
0 
0 
5 
4 
0 
3 
0 
4 
0 
0 
136 
0 
39 
0 
4 
0 
0 
5 
0 
4 
0 
9 
0 
142 
0 
10 
0 
4 
4 
0 
4 
0 
6 
5 
3 
28 
4 
0 
0 
3 
0 
22 
0 
12 
6 
3283 
3 
0 
57 
7 
0 
66 
5 
155 
3 
6 
0 
4 
42 
0 
4 
0 
0 
5 
58 
0 
207 
0 
3 
0 
0 
75 
5 
56 
0 
50 
2 
81 
5 
303 
5 
0 
4 
0 
31 
4 
0 
5 
0 
0 
