17017 
34 
13620 
1086 
827 
717 
2 
3113 
4 
7644 
4 
4 
231 
14 
27 
95 
46 
34 
26 
7 
6 
4 
4 
8 
64 
3 
5 
6 
6 
14 
4 
5 
6 
5 
1178 
52 
343 
31 
4 
11 
139 
8 
13 
5 
10 
5 
171 
345 
25 
21 
4 
3 
7 
7 
6 
5 
6 
84 
4 
3 
7 
6 
135 
19 
4 
4 
10 
40 
3 
2 
2 
3 
4 
6 
3 
4 
914 
3 
4 
5 
4 
5 
5 
693 
23 
9 
8 
4 
353 
4 
5 
7 
6 
7 
9 
48 
0 
6 
3 
5 
0 
6 
21 
4 
4 
4 
3 
6 
7 
4 
5 
5 
0 
33 
4 
109 
5 
5 
4 
3 
88 
72 
13 
4 
4 
39 
11 
4 
5 
5 
0 
16 
5 
0 
3 
4 
5 
13 
16 
21 
38 
16 
55 
26 
7 
24 
27 
22 
23 
5 
6 
8 
7 
16 
20 
6 
5 
36 
5 
0 
4 
4 
89 
4 
3 
4 
5 
4 
0 
4 
5 
3 
3 
38 
15 
28 
24 
29 
1452 
5 
66 
48 
16 
21 
13 
47 
20 
82 
47 
69 
47 
48 
48 
95 
40 
27 
33 
18 
45 
12 
31 
13 
15 
2 
25 
90 
9 
5 
5 
12 
0 
5 
3 
2 
5 
21 
60 
28 
18 
7 
4 
4 
5 
5 
4 
5 
4 
16 
89 
62 
0 
0 
0 
7 
36 
2 
438 
4 
5073 
5744 
3 
130 
3 
2 
419 
5 
437 
19 
64 
19 
411 
0 
324 
16 
6 
5 
4 
5 
6 
4 
35 
4 
5 
5 
5 
39 
3 
2 
5 
4 
4 
5 
59 
9 
43 
126 
4 
4 
11 
597 
7 
7 
166 
654 
73 
57 
50 
76 
5 
5 
52 
21 
5 
4 
4 
109 
1481 
54 
39 
50 
4 
5 
21 
39 
5 
5 
103 
5 
5 
4 
97 
5 
8 
4 
7 
8 
25 
65 
136 
32 
25 
12 
17 
6 
7 
13 
24 
8 
34 
35 
4 
14 
30 
25 
138 
37 
12 
12 
13 
20 
154 
3 
9 
69 
97 
57 
23 
40 
43 
30 
16 
17 
17 
0 
59 
47 
447 
4 
4 
83 
1123 
4 
6 
3 
3 
3 
6 
6 
5 
5 
24 
31 
22 
4 
5 
4 
3 
7 
7 
3 
4 
4 
4 
6 
5 
5 
3 
6 
40 
4 
24 
3 
30 
2 
5 
4 
5 
0 
4 
48 
32 
5 
14 
17 
24 
36 
45 
89 
13548 
73 
56 
650 
554 
642 
949 
3899 
29 
4 
5 
741 
24 
7 
21 
4 
3 
4 
5 
38 
24 
5 
4 
107 
13 
44 
55 
79 
281 
4 
40 
34 
3 
31 
0 
7 
6 
7 
26 
737 
6 
4 
3 
4 
4 
4 
30 
5 
4 
4 
5 
0 
3 
241 
3 
285 
33 
24 
20 
307 
24 
0 
5 
4 
2 
3 
0 
3 
3 
4 
3 
4 
3 
6 
7 
7 
5 
0 
6 
22 
5 
249 
20 
4 
0 
3 
11 
547 
62 
47 
8 
3 
19 
20 
24 
4 
4 
1645 
5 
5 
5 
4 
2 
3 
4 
5 
5 
3 
24 
13 
0 
4 
3 
4 
5 
2 
4 
7 
25 
413 
34 
39 
6 
24 
8 
123 
188 
81 
35 
29 
28 
19 
38 
5 
3 
65 
19 
11 
5 
101 
8 
12 
18 
24 
2660 
4 
158 
5 
4 
3 
91 
45 
83 
960 
735 
39 
4 
3 
4 
10 
24 
3 
5 
39 
11 
5 
3 
0 
5 
5 
4 
4 
4 
4 
5 
66 
173 
34 
4 
4 
2 
5 
4 
5 
4 
3 
4 
5 
4 
5 
5 
4 
4 
6 
7 
6 
5 
4 
4 
5 
2 
7 
6 
3 
2 
2 
4 
5 
6 
81 
3 
3 
2 
10727 
3 
3 
4 
5 
3 
2 
3 
5 
23 
4 
63 
7 
6 
5 
4 
9 
34 
14 
39 
5 
14 
21 
23 
29 
23 
19 
19 
21 
38 
1416 
40 
16 
10 
3 
6 
4 
8 
14 
5 
19 
5 
61 
14 
15 
20 
254 
22 
9 
15 
20 
6 
7 
5 
8 
826 
49 
32 
17 
8 
4 
12 
29 
187 
41 
9 
123 
53 
5 
9 
526 
51 
21 
88 
1829 
12 
3 
4 
4 
4 
3 
5 
4 
4 
4 
4 
4 
4 
4 
4 
2 
5 
2 
22 
17 
21 
8 
7 
8 
6 
506 
33 
21 
18 
11 
15 
26 
27 
4 
26 
25 
3 
3 
14 
29 
20 
17 
18 
94 
71 
19 
54 
3 
3 
6 
4 
4 
5 
6 
5 
4 
4 
4 
5 
3 
4 
4 
6 
4 
4 
3 
0 
4 
372 
108 
76 
64 
76 
270 
33 
5 
7 
9 
12 
23 
36 
31 
13 
96 
246 
293 
36 
142 
16 
54 
62 
69 
33 
17 
7 
4 
3 
1582 
406 
305 
