3849 
2 
327 
37 
10 
4 
1036 
4 
0 
3 
1539 
27 
30 
1058 
6744 
143 
3828 
5 
138 
0 
4 
70 
4 
0 
5 
3 
0 
4 
3 
0 
6 
0 
6 
3 
0 
3 
3 
0 
443 
22 
8 
5 
4 
65 
6 
4 
153 
6 
3 
3 
4 
3 
2 
3 
49 
5 
6 
5 
5 
5 
0 
2 
10 
6 
7 
7 
7 
7 
6 
6 
7 
128 
566 
7 
5 
23 
11 
5 
4 
3 
5 
4 
4 
5 
4 
2 
5 
17 
27 
130 
5 
379 
2 
1359 
5 
2058 
3 
3721 
4 
0 
3 
0 
0 
725 
4 
2 
691 
11 
3 
126 
23 
61 
4 
956 
153 
5 
4 
5 
120 
5 
4 
7443 
4 
0 
1183 
12 
4 
6 
28 
4 
6 
3 
3 
3 
5 
4 
5 
92 
5 
0 
0 
114 
206 
3 
4 
5 
211 
56 
8602 
7 
4 
48 
4 
6 
0 
7 
0 
2 
0 
2 
0 
4 
0 
3 
4 
4 
4 
0 
3 
3 
5 
5 
120 
0 
327 
0 
0 
3 
124 
1122 
0 
31 
2 
4 
4 
6 
3 
44 
477 
324 
4 
0 
4 
4 
3 
42 
6 
0 
15 
0 
4 
5 
2803 
5 
3 
131 
38 
6 
6 
1184 
5 
6 
54 
4 
4 
5 
0 
132 
6 
1275 
4 
4 
395 
4 
5 
83 
4 
4 
17 
19 
68 
2265 
0 
0 
0 
5 
0 
0 
4 
204 
0 
4 
0 
933 
15 
27 
10 
6 
4 
6 
5 
6 
0 
3 
3 
43 
22 
4 
6 
6 
62 
6 
5 
44 
4 
4 
3 
5 
20 
43 
35 
110 
22 
3 
7 
68 
4 
2 
5 
5 
5 
4 
35 
4 
0 
7 
0 
4 
12 
4 
4 
5 
24 
5 
5 
5 
50 
28 
4 
5 
3 
6 
5 
4 
3 
5 
4 
101 
6561 
5 
1635 
53 
264 
5 
57 
349 
3 
1709 
2354 
209 
12 
5 
4 
3444 
3 
3 
3 
189 
64 
4 
4 
152 
3 
6 
96 
2 
6 
6 
6 
32 
3 
4 
0 
3 
0 
2 
0 
6 
4 
0 
0 
3 
0 
4 
35 
5 
4 
58 
22 
292 
2 
0 
2 
4 
0 
44 
3 
6 
57 
310 
4 
5 
3 
8 
3 
5 
5 
0 
5 
64 
4 
0 
3 
0 
7 
5 
0 
4 
0 
22 
40 
17 
37 
34 
0 
5 
0 
4 
5 
6 
0 
3 
24 
16 
6 
5 
4 
0 
4 
4 
6 
0 
0 
2 
0 
4 
0 
4 
0 
6 
6 
5 
4 
4 
3 
6 
6 
5 
4 
12 
5 
4 
4 
3 
5 
3 
6 
6 
10 
5 
15 
0 
19 
21 
129 
3 
0 
62 
4 
4 
5 
4 
3 
5 
5 
4 
3 
3 
5 
4 
5 
26 
44 
5 
5 
0 
3 
3 
29 
6 
5 
8 
0 
8 
7 
0 
0 
4 
4 
33 
6 
0 
13 
0 
3 
6 
7 
7 
7 
22 
4 
0 
48 
3 
3 
0 
4 
6 
5 
3 
0 
3 
0 
4 
5 
10 
4 
0 
3 
5 
5 
0 
5 
0 
4 
4 
0 
3 
3 
4 
4 
3 
5 
3 
2 
4 
3 
3 
3 
45 
4 
5 
4 
5 
4 
5 
3 
0 
3 
4 
4 
3 
3 
0 
5 
0 
4 
0 
6 
3 
4 
4 
3 
3 
4 
4 
4 
3 
5 
0 
4 
0 
37 
5 
2 
4 
0 
4 
0 
9544 
4 
5 
4 
47 
7 
0 
6 
0 
4 
3 
4 
4 
7 
4 
4 
3 
6 
28 
3 
6 
5 
0 
4 
4 
3 
2 
4 
7 
5 
3 
3 
4 
0 
5 
4 
20 
4 
2 
4 
51 
0 
4 
0 
4 
3 
4 
4 
4 
0 
4 
4 
0 
8 
0 
0 
173 
0 
4 
0 
3 
7 
0 
3 
39 
3 
4 
4 
3 
0 
3 
89 
0 
2 
0 
5 
4 
4 
3 
0 
4 
4 
5 
5 
3 
2 
3 
3 
4 
4 
5 
6 
3 
3 
0 
6 
44 
0 
4 
0 
5 
0 
34 
0 
5 
0 
3 
50 
7 
0 
4 
66 
48 
33 
13 
17 
2 
2 
0 
4 
4 
0 
6 
5 
5 
4 
3 
228 
4 
3 
6 
5 
7 
4 
13 
5 
0 
0 
6 
0 
4 
0 
3 
88 
7 
6 
7 
4 
3 
0 
0 
3 
0 
3 
2 
0 
31 
2 
3 
5 
4 
0 
4 
0 
181 
2 
4 
4 
3 
4 
0 
5 
0 
5 
0 
3 
0 
7 
0 
542 
5 
4 
3 
3 
0 
6 
0 
4 
0 
5 
13915 
2 
303 
3 
3 
0 
81 
0 
3 
3 
6 
5 
3 
2 
0 
4 
5 
0 
84 
3 
11 
0 
5 
5 
35 
9 
5 
0 
4 
4 
0 
2 
0 
5 
18 
5 
3 
2 
5 
19 
4 
74 
4 
3 
3 
5 
3 
4 
4 
4 
3 
4 
4 
5 
3 
4 
6 
3 
5 
4 
5 
5 
6 
3 
2 
4 
5 
3 
55 
5 
12 
4 
6 
6 
41 
6 
0 
5 
4 
4 
3 
4 
4 
7 
69 
3 
3 
0 
5 
5 
28 
0 
4 
4 
0 
5 
33 
4 
0 
4 
55 
0 
5 
4 
0 
3 
4 
23 
4 
0 
4 
0 
0 
3 
4 
4 
3 
34 
7 
5 
0 
3 
7 
7 
8 
19 
66 
9 
3 
5 
4 
6 
3 
2 
5 
0 
62 
7 
0 
4 
0 
9 
4 
4 
4 
7 
5 
3 
4 
4 
2 
2 
44 
104 
4 
5 
58 
0 
5 
0 
3 
0 
5 
0 
4 
0 
4 
0 
4 
14 
125 
7 
4 
3 
56 
3 
40 
3 
0 
3 
146 
4 
3 
3 
5 
3 
5 
5 
2 
4 
0 
3 
0 
18 
4 
18 
0 
138 
3 
3 
0 
5 
0 
2 
0 
0 
5 
0 
3 
5 
0 
3 
0 
6 
5 
0 
7 
0 
4 
3 
43 
9 
5 
34 
4 
5 
6 
5 
3 
5 
3 
4 
4 
4 
11 
3 
3 
0 
0 
4 
0 
3 
4 
0 
5 
23 
5 
5 
6 
4 
3 
5 
5 
0 
4 
6 
5 
4 
0 
7 
5 
26 
6 
0 
8 
8 
0 
5 
4 
4 
4 
3 
0 
5 
505 
