4030 
3 
877 
0 
3 
0 
99 
22 
3 
0 
39 
5 
3 
0 
0 
2 
0 
143 
3 
4 
4 
4 
4 
4 
4 
441 
0 
5 
176 
3 
4 
2 
4 
4 
2 
4 
3 
3 
4 
88 
0 
3 
0 
0 
5 
5 
0 
3 
2 
4 
0 
3 
0 
5 
7 
0 
3 
0 
71 
3 
3 
2 
3 
9 
3 
4 
0 
3 
4 
4 
0 
3 
0 
0 
3 
161 
0 
4 
3 
5 
3 
3 
3 
3 
12 
3 
4 
4 
3 
4 
0 
0 
3 
3 
4 
3 
3 
2 
4 
2 
3 
0 
3 
0 
3 
2 
4 
4 
0 
3 
0 
0 
3 
0 
3 
0 
3 
4 
282 
0 
3 
4 
4 
4 
3 
3 
4 
3 
4 
4 
4 
4 
5 
3 
4 
4 
3 
0 
0 
2 
0 
2 
2 
1 
3 
2 
0 
0 
3 
178 
3 
0 
0 
3 
7 
5 
5 
0 
4 
3 
0 
3 
3 
19 
2 
1 
1 
0 
3 
3 
11 
0 
162 
3 
3 
0 
47 
5 
2 
4 
4 
3 
3 
4 
3 
4 
0 
5 
0 
2 
33 
3 
0 
47 
4 
4 
3 
3 
0 
0 
480 
3 
57 
6 
3 
0 
4 
144 
2 
4 
4 
3 
3 
3 
3 
2 
0 
3 
339 
3 
0 
2 
0 
2 
3 
4 
16 
4 
4 
0 
4 
3 
0 
28 
3 
0 
4 
2 
2 
4 
3 
2 
5 
0 
0 
143 
2 
3 
1 
2 
4 
2 
3 
2 
0 
0 
3 
3 
66 
2 
0 
3 
3 
4 
4 
455 
0 
3 
92 
3 
0 
0 
312 
0 
0 
3 
557 
2 
4 
813 
0 
2 
305 
0 
2 
830 
0 
0 
600 
2 
0 
4 
164 
0 
3 
996 
0 
3 
1222 
2 
17 
2 
0 
3 
4 
3 
9953 
3 
0 
0 
123 
2 
2 
4 
4 
0 
0 
55 
4 
5 
0 
4 
0 
268 
2 
0 
0 
518 
0 
5 
162 
3 
3 
3 
3 
0 
31 
3 
5 
3 
3 
3 
4 
2 
4 
4 
3 
3 
4 
25 
4 
0 
5 
0 
3 
4 
0 
0 
3 
4 
4 
3 
0 
0 
3 
294 
2 
5 
3 
1 
4 
0 
3 
0 
4 
0 
23 
4 
0 
4 
0 
3 
47 
2 
0 
4 
4 
0 
4 
228 
2 
82 
5 
0 
3 
145 
3 
4 
4 
0 
5 
32 
3 
4 
3 
0 
0 
4 
0 
20 
0 
28 
4 
4 
0 
26 
4 
2 
0 
4 
2 
3 
0 
3 
389 
1 
0 
3 
176 
0 
2 
84 
2 
2 
0 
3 
0 
0 
2 
0 
3 
3 
5 
3 
0 
3 
5 
4 
3 
3 
2 
3 
0 
363 
0 
3 
0 
0 
3 
5 
0 
4 
0 
3 
0 
3 
0 
4 
4 
0 
3 
45 
0 
2 
5 
4 
3 
3 
0 
12 
2 
0 
2 
0 
0 
3 
0 
3 
4 
3 
4 
5 
3 
3 
3 
4 
3 
3 
3 
4 
6 
0 
0 
72 
2 
0 
4 
4 
3 
4 
17 
0 
0 
2 
0 
2 
0 
3 
0 
0 
4 
292 
3 
1 
3 
3 
3 
0 
4 
3 
105 
2 
9 
5 
3 
2 
0 
3 
0 
5 
0 
0 
3 
0 
0 
2 
0 
0 
5 
45 
0 
6 
2 
13 
0 
4 
0 
1 
14 
3 
0 
2 
0 
2 
0 
0 
0 
4 
3 
3 
3 
4 
2 
4 
50 
0 
3 
87 
4 
3 
5 
2 
7 
3 
2 
3 
2 
3 
2 
4 
0 
4 
0 
3 
4 
3 
0 
4 
0 
3 
0 
3 
0 
3 
0 
8 
3 
0 
12 
3 
3 
4 
3 
3 
3 
4 
4 
3 
0 
0 
586 
0 
0 
216 
4 
2 
124 
2 
5 
34 
0 
2 
4 
0 
2 
2 
3 
3 
0 
7 
6 
4 
4 
4 
4 
3102 
4 
4 
2 
4 
0 
3 
3 
4 
57 
5 
49 
0 
607 
38 
5 
6 
386 
38 
4 
5 
5 
4 
104 
3 
150 
597 
3 
5 
130 
647 
4 
4 
393 
5 
3 
59 
5 
812 
3999 
0 
111 
3 
275 
0 
0 
423 
4 
679 
3 
2 
3 
3 
3 
3 
5 
0 
3 
590 
0 
0 
137 
3 
301 
2 
4 
751 
3 
0 
633 
4 
4 
665 
2 
3 
3 
2 
0 
3 
0 
2 
0 
3 
0 
2 
0 
3 
0 
2 
0 
4 
0 
3 
0 
2 
0 
2 
0 
129 
2 
3 
0 
0 
2 
4 
5 
0 
4 
0 
3 
0 
4 
0 
4 
9 
0 
4 
0 
0 
4 
3 
0 
187 
0 
0 
5 
0 
0 
2 
12 
3 
5 
5 
0 
3 
3 
0 
4 
4 
5 
3 
0 
0 
377 
0 
502 
2 
2 
2 
0 
0 
3 
381 
0 
0 
3 
90 
0 
4 
111 
0 
3 
0 
168 
4 
4 
3 
3 
3 
0 
3 
3 
0 
3 
0 
5 
0 
2 
0 
2 
2 
3 
0 
3 
0 
8 
0 
3 
3 
0 
5 
3 
0 
3 
0 
3 
0 
4 
95 
2 
3 
5 
3 
4 
0 
0 
99 
3 
0 
16 
3 
0 
4 
6 
0 
3 
0 
3 
0 
0 
4 
0 
3 
0 
3 
170 
0 
3 
0 
2 
0 
5 
0 
3 
0 
3 
0 
0 
2 
248 
4 
33 
0 
115 
3 
4 
2 
2 
3 
0 
3 
2 
3 
4 
2 
3 
10 
4 
5 
3 
4 
0 
2 
0 
3 
4 
217 
0 
2 
0 
6 
0 
3 
0 
4 
3 
310 
2 
73 
4 
0 
4 
0 
5 
60 
5 
94 
1 
3 
3 
4 
4 
4 
0 
3 
5 
27 
4 
0 
2 
0 
0 
0 
0 
3 
0 
2 
185 
3 
0 
6 
4 
4 
3 
3 
4 
4 
3 
3 
2 
3 
3 
3 
3 
0 
0 
606 
0 
2 
211 
1 
2 
47 
3 
346 
4 
4 
0 
2 
5 
0 
50 
4 
3 
89 
4 
4 
0 
0 
5 
3 
3 
5 
3 
5 
3 
2 
2 
5 
4 
4 
3 
91 
2 
3 
0 
119 
0 
3 
4 
0 
3 
0 
0 
5 
4 
0 
3 
0 
0 
3 
0 
0 
9902 
4 
4 
2 
0 
0 
636 
3 
0 
0 
4 
198 
3 
3 
3 
0 
0 
619 
0 
4 
0 
535 
4 
114 
4 
649 
2 
5 
0 
0 
370 
3 
4 
3 
3 
4 
0 
0 
456 
2 
0 
0 
3 
130 
3 
0 
3 
4 
3 
2 
3 
3 
2 
0 
6 
4 
46 
0 
0 
4 
0 
0 
3 
0 
5 
0 
0 
250 
3 
4 
102 
0 
29 
2 
0 
4 
0 
3 
0 
2 
58 
2 
0 
3 
2 
0 
4 
0 
3 
0 
3 
4 
0 
0 
571 
4 
3 
0 
2 
0 
3 
0 
3 
0 
3 
0 
5 
0 
5 
0 
2 
0 
5 
0 
3 
0 
2 
0 
4 
4 
2 
5 
3 
3 
3 
7 
5 
3 
2 
0 
4 
0 
4 
4 
4 
3 
3 
3 
3 
4 
0 
4 
0 
3 
0 
2 
19 
0 
1 
0 
1 
0 
2 
2 
6 
3 
0 
0 
3 
357 
0 
4 
3 
0 
3 
42 
3 
0 
2 
4 
0 
67 
0 
2 
3 
19 
0 
2 
0 
3 
4 
0 
0 
4 
0 
2 
0 
2 
0 
3 
75 
0 
2 
2 
50 
3 
4 
140 
4 
3 
3 
3 
6 
0 
0 
0 
301 
0 
0 
2 
0 
4 
3 
0 
3 
4 
4 
4 
4 
3 
3 
138 
0 
2 
0 
4 
0 
3 
0 
87 
3 
3 
0 
3 
2 
2 
3 
2 
3 
5 
4 
3 
3 
3 
0 
2 
4 
0 
2 
5 
3 
0 
3 
0 
0 
3 
10237 
4 
2 
3 
1 
2 
4 
0 
0 
4 
4 
0 
3 
3 
0 
3 
0 
21 
2 
2 
3 
4 
0 
3 
3 
0 
4 
0 
4 
0 
0 
148 
3 
4 
0 
0 
141 
3 
0 
13 
3 
3 
0 
4 
3 
3 
3 
3 
3 
3 
4 
3 
3 
4 
3 
3 
3 
3 
4 
0 
0 
0 
856 
0 
395 
3 
112 
0 
3 
0 
3 
4 
5 
0 
0 
4 
3 
63 
0 
3 
120 
3 
74 
4 
97 
2 
4 
3 
3 
106 
2 
4 
2 
0 
4 
0 
3 
3 
0 
4 
3 
0 
3 
3 
4 
4 
0 
4 
0 
4 
3 
0 
4 
3 
55 
4 
3 
0 
90 
4 
0 
15 
0 
335 
0 
610 
0 
0 
3 
37 
0 
3 
4 
16 
36 
0 
3 
3 
0 
3 
0 
3 
4 
0 
2 
2 
0 
5 
1 
0 
2 
3 
84 
3 
3 
0 
0 
3 
77 
3 
0 
3 
0 
0 
4 
0 
10 
4 
0 
4 
3 
3 
0 
0 
5 
124 
3 
4 
2 
3 
4 
0 
4 
2 
3 
77 
3 
0 
0 
2 
0 
2 
0 
2 
0 
0 
182 
3 
0 
0 
358 
2 
2 
1 
3 
2 
3 
2 
3 
2 
2 
4 
4 
4 
4 
0 
0 
2 
0 
176 
3 
2 
0 
