3745 
19170 
0 
0 
0 
2 
735 
0 
3 
3 
0 
145 
0 
2 
5 
3 
2698 
0 
4 
0 
0 
4 
4 
905 
0 
0 
6 
504 
7 
0 
0 
5 
697 
3 
0 
0 
5 
324 
5 
0 
0 
4 
155 
4 
4 
0 
5 
0 
3 
3 
140 
7 
0 
7 
0 
8 
0 
302 
3 
3 
0 
5 
0 
3 
0 
4 
0 
0 
8 
541 
4 
0 
6 
0 
0 
481 
4 
0 
3 
2087 
4 
0 
4 
0 
0 
5 
0 
154 
2 
92 
4 
3 
0 
2 
0 
391 
5 
0 
392 
5 
0 
0 
819 
3 
0 
6 
1011 
4 
0 
0 
785 
2 
5 
0 
0 
5428 
5428 
0 
7 
0 
716 
0 
5 
0 
525 
3 
0 
0 
510 
5 
0 
4 
504 
3 
0 
0 
590 
2 
0 
2405 
63 
3 
0 
1661 
3 
0 
5 
922 
1760 
2 
0 
4 
200 
3 
0 
2 
4 
0 
75 
94 
81 
79 
79 
202 
110 
120 
253 
116 
73 
102 
73 
165 
80 
78 
52 
52 
71 
116 
223 
70 
91 
67 
268 
61 
8815 
2588 
1135 
1167 
380 
4221 
87 
316 
243 
120 
70 
67 
48 
54 
24 
92 
50 
349 
1176 
45 
260 
1889 
518 
126 
77 
51 
46 
62 
64 
47 
73 
1150 
74 
47 
27 
31 
54 
78 
61 
29 
51 
243 
134 
472 
1687 
53 
701 
2066 
58 
77 
45 
64 
1038 
772 
36 
30 
62 
197 
126 
228 
6 
4 
4 
6 
105 
296 
35 
121 
89 
61 
28 
82 
256 
96 
54 
10683 
120 
97 
124 
94 
89 
59 
331 
2062 
96 
53 
310 
51 
38 
218 
57 
101 
41 
3 
153 
64 
141 
108 
101 
923 
61 
62 
60 
72 
97 
175 
284 
84 
1879 
4 
5 
1364 
5 
3 
0 
6 
206 
97 
2426 
6 
7 
6 
978 
137 
103 
92 
96 
75 
83 
97 
80 
104 
912 
863 
3 
4 
87 
