3318 
4  
5 
1 
4 
2 
3 
88 
4 
3 
3 
90 
1 
2 
4 
42 
0 
0 
5 
0 
5 
0 
4 
12 
4 
4 
3 
5 
0 
4 
0 
18 
0 
3 
0 
5 
0 
0 
4 
4 
0 
11 
3 
4 
5 
0 
0 
3 
4 
18 
5 
5 
7 
0 
3 
3 
0 
0 
0 
7 
0 
14 
4 
22 
0 
3 
0 
79 
0 
3 
0 
6 
31 
5 
4 
3 
0 
0 
0 
4 
3 
61 
5 
37 
10 
4 
4 
4 
3 
24 
3 
0 
3 
8 
6 
5 
8 
7 
6 
0 
3 
4 
5 
6 
0 
5 
0 
0 
4 
5 
0 
5 
0 
0 
5 
0 
0 
5 
0 
4 
4 
3 
3 
3 
0 
0 
4 
4 
3 
0 
3 
0 
4 
389 
52 
6 
5 
0 
5 
5 
0 
5 
5 
3 
0 
4 
6 
155 
3 
6 
5 
7 
6 
0 
6 
8 
5 
5 
0 
3 
4 
0 
4 
4 
3 
5 
0 
0 
5 
0 
4 
4 
3 
5 
6 
0 
6 
8 
8713 
58 
91 
80 
4 
40 
0 
4 
0 
4 
0 
3 
3 
4 
0 
4 
0 
0 
5 
0 
4 
0 
0 
4 
0 
6 
3 
4 
25 
27 
0 
4 
0 
0 
0 
7 
0 
5 
0 
3 
4 
2 
7 
0 
8 
4 
24 
0 
6 
7 
0 
0 
3 
4 
0 
3 
3 
5 
11 
0 
58 
0 
5 
3 
0 
6 
48 
2 
19 
31 
3 
5 
32 
40 
3 
57 
4 
0 
0 
4 
4 
3 
0 
4 
4 
7 
60 
0 
3 
4 
0 
0 
0 
5 
0 
5 
0 
16 
0 
35 
7 
208 
274 
20 
0 
44 
3 
3 
0 
5 
0 
0 
69 
6 
5 
62 
10 
142 
223 
0 
20 
0 
34 
373 
0 
5 
4 
4 
19 
40 
12 
128 
87 
24 
3 
4 
0 
0 
5 
18 
3 
4 
2 
0 
7 
0 
6 
25 
7 
4 
2 
247 
4 
0 
4 
3 
0 
2 
5 
4 
0 
4 
5 
4 
3 
0 
178 
6 
7 
7 
5 
5 
3 
4 
4 
4 
6 
5 
5 
3 
3 
3 
4 
7 
305 
1130 
12 
4 
48 
12 
62 
78 
3 
3 
4 
4 
8759 
280 
1189 
5 
6 
49 
34 
42 
56 
45 
62 
66 
5 
25 
61 
62 
71 
6 
24 
5 
34 
74 
3 
995 
4 
36 
72 
552 
4 
4 
4 
3 
0 
6 
0 
0 
7 
83 
4 
0 
0 
4 
0 
5 
0 
214 
28 
13 
46 
39 
52 
12 
7 
17 
3 
0 
0 
7 
7 
0 
4 
16 
6 
0 
42 
4 
4 
3 
3 
0 
6 
0 
4 
3 
0 
80 
5 
2 
0 
0 
4 
0 
5 
0 
0 
4 
3 
20 
5 
0 
4 
0 
3 
20 
6 
3 
0 
0 
0 
0 
6 
5 
0 
7 
30 
0 
5 
90 
5 
0 
0 
4 
0 
0 
4 
56 
4 
4 
0 
5 
0 
5 
3 
0 
3 
3 
0 
0 
0 
4 
2 
5 
3 
0 
3 
0 
5 
0 
4 
3 
0 
4 
0 
0 
6 
36 
6 
3 
5 
0 
3 
4 
99 
3 
144 
3 
0 
7 
5 
0 
6 
317 
35 
12 
0 
0 
4 
0 
4 
0 
4 
99 
7 
22 
5 
0 
0 
3 
0 
4 
3 
0 
0 
4 
3 
0 
0 
5 
69 
28 
31 
0 
56 
0 
0 
3 
0 
4 
0 
3 
3 
0 
7 
0 
4 
4 
0 
4 
5 
5 
4 
4 
0 
3 
0 
5 
0 
0 
5 
16 
35 
4 
0 
3 
0 
3 
5 
7 
6 
118 
4 
35 
39 
7 
18 
0 
2 
3 
0 
8 
7 
0 
4 
18 
72 
4 
0 
5 
0 
0 
6 
98 
6 
4 
0 
4 
0 
4 
4 
5 
3 
3 
34 
5 
0 
0 
4 
0 
7 
48 
3 
4 
166 
3 
0 
4 
170 
0 
38 
24 
3 
0 
64 
41 
0 
4 
0 
8 
282 
3 
4 
0 
6 
8 
19 
3 
3 
3 
6 
6 
4 
7945 
3 
2 
2 
6 
3 
4 
90 
4 
3 
4 
0 
3 
0 
6 
25 
68 
24 
4 
0 
5 
3 
0 
0 
0 
3 
6 
0 
0 
0 
4 
0 
472 
34 
138 
4 
4 
5 
4 
7 
5 
0 
4 
4 
5 
4 
4 
4 
3 
4 
4 
3 
5 
3 
4 
4 
5 
3 
4 
13 
3 
0 
4 
0 
0 
0 
4 
0 
5 
5 
2 
4 
223 
5 
4 
0 
3 
2 
0 
0 
7 
0 
8 
0 
6 
11 
5 
0 
7 
0 
7 
0 
3 
0 
4 
0 
5 
7 
5 
0 
3 
0 
5 
0 
5 
0 
0 
3 
0 
3 
0 
0 
0 
4 
5 
0 
0 
0 
0 
4 
0 
0 
6 
0 
0 
0 
5 
0 
6 
0 
3 
0 
5 
0 
4 
4 
92 
0 
0 
5 
0 
6 
0 
3 
305 
4 
5 
275 
3 
4 
4 
3 
74 
87 
4 
3 
4 
0 
4 
0 
0 
0 
5 
6 
9 
15 
5 
3 
5 
0 
4 
0 
6 
0 
0 
5 
0 
7 
7 
6 
6 
26 
0 
6 
4 
0 
0 
2 
27 
0 
4 
0 
3 
0 
0 
4 
0 
3 
36 
673 
0 
5 
0 
4 
443 
5 
3 
0 
0 
4 
214 
0 
0 
4 
0 
354 
5 
0 
3 
0 
0 
0 
5 
0 
7 
7 
5 
6 
0 
0 
3 
0 
4 
10 
2 
6 
0 
0 
4 
0 
5 
0 
0 
3 
0 
