6397 
1794 
2 
1152 
0 
3 
0 
4 
3 
4 
2 
36 
3 
3 
0 
0 
71 
4 
0 
5 
0 
5 
0 
4 
0 
3 
0 
0 
2 
3 
0 
0 
0 
4 
4 
4 
0 
0 
4 
0 
5 
3 
0 
4 
4 
3 
4 
5 
7 
5 
2 
3 
2 
0 
7 
5 
8 
4 
4 
4 
4 
1 
5 
5 
0 
4 
4 
0 
0 
5 
0 
0 
2 
0 
4 
4 
3 
2 
0 
5 
0 
4 
0 
5 
4 
0 
0 
3 
3 
4 
4 
0 
0 
0 
4 
0 
5 
0 
0 
0 
4 
0 
5 
0 
4 
5 
3 
0 
5 
5 
0 
6 
0 
0 
7 
0 
7 
4 
3 
0 
3 
0 
0 
0 
4 
0 
0 
4 
4 
3 
0 
0 
4 
0 
3 
0 
4 
0 
5 
0 
3 
0 
0 
4 
0 
0 
6 
0 
4 
0 
5 
3 
0 
4 
0 
0 
4 
3 
0 
0 
4 
0 
5 
0 
2 
5 
0 
0 
6 
0 
3 
0 
4 
0 
5 
0 
0 
0 
3 
0 
0 
4 
0 
0 
4 
0 
0 
3 
0 
3 
0 
0 
3 
0 
0 
4 
0 
3 
0 
0 
3 
0 
0 
5 
0 
3 
0 
0 
4 
0 
0 
7 
0 
6 
0 
6 
0 
0 
6 
0 
0 
3 
0 
4 
0 
0 
0 
5 
0 
3 
6 
0 
5 
0 
5 
0 
4 
3 
0 
3 
0 
5 
4 
0 
5 
3 
0 
5 
0 
0 
5 
25 
4 
0 
3 
0 
0 
7 
0 
0 
0 
5 
3 
0 
6 
0 
8 
4 
0 
3 
0 
5 
0 
0 
0 
3 
1266 
631 
2392 
4 
0 
471 
286 
2 
0 
6 
15 
363 
0 
6 
0 
2 
0 
619 
3 
0 
5 
4 
6 
2 
0 
3 
2 
0 
6 
2494 
2 
4 
4 
0 
3 
3 
6 
3 
0 
3 
4 
0 
0 
5 
0 
4 
0 
0 
5 
189 
10 
8 
5 
4 
4 
4 
5 
4 
4 
0 
3 
0 
4 
0 
0 
23 
34 
0 
8 
32 
4 
59 
0 
0 
4 
0 
5 
7 
8 
97 
0 
4 
5 
0 
4 
0 
0 
5 
0 
5 
0 
7 
0 
2 
0 
0 
0 
5 
0 
4 
0 
3 
5 
113 
4 
5 
4 
4 
3 
5 
3 
0 
5 
0 
4 
0 
11 
6 
0 
0 
5 
0 
4 
44 
2 
5 
3 
2 
3 
2 
6 
21 
0 
3 
2 
5 
4 
4 
5 
4 
4 
4 
3 
5 
0 
4 
0 
0 
3 
0 
2 
0 
5 
0 
4 
3 
0 
0 
3 
0 
3 
3 
0 
4 
3 
36 
0 
4 
0 
5 
0 
3 
0 
3 
15 
21 
0 
4 
4 
3 
0 
0 
8 
6 
0 
7 
8 
0 
4 
0 
4 
0 
4 
0 
2 
4 
0 
3 
0 
2 
0 
2340 
4 
5 
4 
16 
4 
312 
5 
0 
18 
66 
2 
129 
4 
4 
6 
5 
5 
3 
5 
4 
6 
6 
4 
3 
4 
0 
4 
3 
6 
7 
8 
6 
4 
4 
3 
0 
0 
5 
5 
0 
3 
0 
4 
0 
0 
3 
0 
2 
6 
4 
3 
4 
5 
4 
3 
0 
0 
6 
3 
4 
2 
0 
0 
4 
5 
5 
3 
3 
0 
3 
0 
4 
183 
3 
4 
3 
4 
0 
0 
0 
5 
0 
4 
0 
4 
0 
5 
0 
6 
0 
0 
7 
25 
0 
4 
364 
4 
3 
0 
4 
0 
4 
4 
0 
4 
0 
0 
5 
0 
0 
114 
3 
5 
5 
5 
3 
4 
2 
5 
3 
3 
3 
3 
68 
0 
3 
119 
0 
3 
0 
5 
9 
3 
4 
6 
0 
0 
6 
0 
4 
5 
0 
5 
0 
4 
2 
6 
0 
4 
4 
0 
0 
5 
0 
0 
3 
0 
5 
64 
5 
2 
0 
0 
5 
0 
0 
4 
4 
0 
2 
0 
0 
4 
0 
4 
0 
5 
5 
0 
6 
0 
0 
3 
0 
5 
0 
0 
3 
0 
124 
1913 
0 
3 
5 
4 
5 
5 
4 
2 
94 
2 
0 
3 
0 
0 
4 
0 
47 
5 
0 
0 
4 
122 
3 
2 
3 
3 
5 
3 
5 
4 
4 
0 
0 
4 
5 
6 
0 
0 
3 
0 
4 
5 
5 
4 
223 
5 
3 
5 
5 
4 
6 
6 
5 
3 
5 
4 
4 
5 
6 
8 
6 
6 
9 
7 
6 
5 
7 
7 
5 
4 
4 
5 
5 
6 
6 
5147 
3 
4 
5 
4 
4 
380 
3 
5 
5 
6 
7 
6 
68 
146 
153 
1530 
4 
467 
0 
3 
0 
5 
0 
5 
3 
0 
4 
0 
0 
4 
0 
3 
3 
5 
251 
0 
3 
0 
4 
24 
3 
6 
5 
126 
3 
3 
4 
0 
5 
0 
4 
179 
5 
4 
3 
2 
0 
296 
0 
57 
47 
2 
0 
0 
3 
0 
0 
46 
2 
23 
0 
4 
0 
4 
0 
4 
4 
3 
0 
0 
4 
20 
14 
104 
4 
2 
3 
4 
4 
5 
3 
6 
3 
0 
4 
5 
4 
7 
6 
7 
4 
3 
4 
4 
6 
6 
0 
4 
0 
0 
2 
0 
5 
5 
0 
2 
0 
5 
0 
2 
3 
0 
5 
3 
4 
3 
109 
0 
5 
5 
4 
0 
2 
3 
5 
0 
2 
0 
4 
5 
0 
217 
4 
0 
3 
4 
3 
3 
4 
4 
0 
6 
4 
0 
2 
4 
6 
5 
0 
3 
43 
2 
3 
553 
4 
2 
5 
3 
142 
4 
5 
0 
4 
0 
0 
0 
4 
4 
4 
6 
7 
7 
8 
0 
0 
5 
0 
0 
4 
0 
3 
0 
0 
5 
0 
4 
0 
4 
4 
5 
0 
5 
0 
5 
6 
4 
4 
7 
3 
0 
3 
0 
0 
5 
5 
0 
3 
0 
4 
4 
3 
3 
4 
4 
4 
2458 
2 
4 
6 
119 
2 
948 
5 
408 
4 
50 
92 
773 
3 
0 
5 
6 
0 
6 
8 
4 
4 
4 
4 
0 
5 
0 
6 
0 
4 
0 
5 
27 
5 
0 
4 
0 
4 
0 
4 
5 
46 
0 
6 
0 
3 
2 
0 
34 
3 
4 
0 
0 
6 
0 
3 
0 
7 
0 
4 
0 
39 
166 
72 
6 
4 
4 
3 
0 
0 
4 
0 
4 
3 
0 
7 
0 
7 
0 
5 
3 
5 
3 
4 
6 
0 
3 
0 
4 
0 
70 
0 
0 
3 
0 
5 
0 
2 
61 
4 
0 
4 
0 
4 
4 
0 
129 
14 
0 
4 
0 
0 
3 
0 
4 
5 
8 
7 
7 
5 
192 
4 
3 
0 
0 
4 
31 
4 
5 
4 
5 
6 
2 
64 
5 
3 
5 
153 
4 
0 
2 
0 
3 
5 
4 
3 
3 
3 
3 
4 
0 
0 
4 
0 
5 
0 
6 
5 
0 
0 
5 
0 
3 
94 
4 
5 
94 
4 
6 
5 
3 
0 
3 
0 
0 
6 
4 
4 
0 
4 
69 
82 
4 
0 
5 
4 
0 
3 
5 
3 
244 
4 
66 
29 
2 
3 
0 
0 
3 
0 
0 
5 
141 
3 
3 
0 
3 
4 
0 
3 
7 
6 
7 
7 
7 
7 
0 
0 
3 
0 
0 
4 
0 
5 
6 
4 
2 
5 
3 
5 
3 
4 
3 
4 
4 
0 
4 
0 
6 
0 
4 
0 
3 
4 
87 
167 
0 
5 
5 
0 
0 
4 
5 
0 
4 
4 
0 
5 
0 
6 
0 
0 
3 
0 
0 
3 
0 
0 
3 
0 
0 
4 
0 
0 
2 

