3241 
5 
23 
9 
9 
12 
3 
7 
107 
25 
3 
4 
5 
8 
128 
26 
3 
4 
6 
0 
3 
6 
536 
5 
4 
5 
10 
5 
6 
100 
59 
12 
772 
60 
70 
55 
8 
123 
4 
0 
6 
7 
3 
0 
4 
0 
6 
6 
5 
6 
245 
502 
3 
0 
4 
4 
5 
6 
10 
108 
52 
4 
4 
8 
7 
4 
6 
19 
417 
25 
18 
26 
40 
27 
138 
8 
172 
49 
4 
60 
58 
4 
6 
3 
7 
5 
10 
5 
5 
41 
10 
9 
20 
7 
10 
139 
7 
5 
6 
4 
5 
0 
73 
4 
4 
3 
0 
0 
2 
4 
41 
18 
4 
0 
88 
13 
5 
4 
4 
0 
7 
3 
5 
4 
0 
5 
6 
5 
6 
0 
0 
4 
0 
0 
4 
0 
4 
4 
0 
6 
4 
4 
2 
5 
5 
129 
3 
4 
0 
6 
17 
21 
149 
6 
4 
4 
0 
30 
7 
7 
41 
90 
30 
14 
958 
48 
40 
43 
42 
46 
0 
6 
10 
0 
2 
15 
792 
57 
20 
18 
9 
28 
23 
13518 
30 
25 
9 
53 
27 
6 
104 
12 
3 
4 
7 
6 
0 
8 
0 
5 
66 
0 
4 
0 
5 
4 
84 
546 
648 
3 
3 
66 
5 
5 
0 
3 
110 
0 
6 
7 
91 
17 
14 
24 
12 
4 
20 
48 
7 
49 
4 
4 
28 
11 
6 
3 
111 
26 
13 
4 
2 
4 
42 
145 
292 
18 
4 
4 
523 
3 
4 
179 
7 
0 
0 
4 
3 
254 
393 
31 
113 
18 
7 
4 
573 
31 
31 
50 
29 
22 
31 
19 
0 
3 
0 
5 
6 
12 
11 
7 
301 
57 
23 
23 
72 
44 
266 
5 
4 
3 
0 
0 
7 
3 
393 
19 
4 
4 
0 
5 
0 
51 
30 
98 
626 
327 
44 
3 
4 
0 
0 
4 
320 
29 
13 
34 
22 
31 
30 
25 
23 
14 
2 
146 
44 
11 
6 
0 
8 
6 
0 
4 
4 
72 
0 
3 
4 
149 
5 
3 
0 
4 
0 
4 
79 
17 
22 
9 
29 
19 
48 
8 
4 
3 
5 
5 
4 
947 
13 
3 
4066 
10 
9 
5 
3 
2 
3 
4 
537 
27 
11 
3 
4 
12 
5 
2 
13527 
4106 
424 
6 
4118 
41 
11 
25 
4 
43 
20 
4 
529 
44 
23 
3 
4 
6 
0 
6 
5 
7 
75 
5 
8 
5 
0 
63 
8 
6 
5 
192 
5 
662 
84 
4 
5 
4 
2 
4 
3 
503 
20 
12 
7 
5 
4 
4 
4 
203 
242 
1358 
20 
12 
4 
14 
16 
3 
20 
24 
141 
4 
4 
6 
4 
3 
2 
237 
11 
3 
5 
0 
7 
41 
5 
3 
4 
84 
0 
15 
13 
11 
20 
347 
43 
33 
8 
24 
16 
45 
19 
21 
11 
660 
45 
224 
59 
140 
39 
19 
21 
5 
15 
136 
56 
28 
3 
10 
276 
281 
43 
30 
41 
1294 
12 
4 
3 
0 
5 
5 
70 
45 
8 
42 
24 
309 
2 
182 
33 
350 
74 
82 
48 
49 
63 
3 
0 
6 
0 
4 
0 
3 
4 
4 
0 
760 
517 
3 
5 
4 
2 
3 
4 
5 
0 
2 
4 
0 
4 
2 
5 
630 
12 
12 
5 
11 
10 
0 
0 
13 
17 
30 
17 
10 
6 
27 
32 
30 
24 
26 
17 
22 
14 
21 
27 
56 
52 
4 
4 
2 
5 
0 
10 
5 
5 
0 
2 
6 
0 
7 
195 
240 
232 
8 
13 
15 
24 
37 
19 
4 
4 
8056 
35 
8 
7 
8 
88 
56 
4 
0 
5 
4 
2 
543 
5 
4 
8 
6 
0 
5 
80 
0 
6 
29 
36 
3 
4 
5 
0 
4 
4 
3 
101 
29 
6 
18 
21 
224 
291 
4 
3 
4 
3 
54 
17 
617 
3543 
21 
18 
16 
3 
5 
103 
1071 
6 
5 
0 
5 
0 
47 
6 
5 
0 
83 
6 
106 
6 
0 
1098 
17 
20 
17 
58 
38 
7 
5 
3 
2 
3 
5 
4 
0 
2 
56 
4 
22 
495 
24 
145 
3 
12 
4 
4 
10 
26 
24 
24 
22 
4 
5 
5 
3794 
19 
3 
20 
21 
6 
5 
6 
7 
1898 
237 
