3685 
Game Start 
Game Start 
1699 
4 
4 
39 
0 
7 
4 
4 
3 
3 
3 
4 
6 
447 
0 
185 
4 
0 
5 
0 
0 
124 
0 
3 
0 
5 
0 
0 
4 
0 
356 
0 
6 
6 
7 
80 
4 
4 
0 
39 
0 
4 
0 
0 
4 
0 
0 
4 
0 
0 
3 
3 
4 
5 
4 
3 
4 
17 
2 
0 
4 
0 
3 
0 
3 
0 
0 
5 
0 
6 
4 
3 
0 
0 
4 
0 
0 
3 
0 
2 
0 
5 
0 
0 
3 
0 
3 
4 
184 
0 
0 
5 
0 
6 
0 
5 
6 
0 
4 
3 
2 
0 
5 
4 
4 
0 
3 
4 
0 
0 
3 
0 
5 
0 
4 
101 
0 
5 
0 
3 
3 
0 
6 
0 
4 
2 
3 
0 
4 
2 
0 
6 
7 
3 
97 
67 
0 
4 
0 
5 
7 
0 
4 
8 
6 
7 
4 
3 
2 
3 
0 
4 
0 
2 
0 
3 
0 
0 
4 
0 
2 
3 
5 
0 
0 
2 
0 
5 
4 
0 
3 
0 
2 
3844 
632 
4 
5 
154 
3 
3 
4 
5 
3 
4 
4 
3 
5 
4 
0 
3 
0 
0 
4 
0 
1534 
707 
99 
3 
65 
0 
4 
0 
5 
0 
3 
5 
4 
0 
5 
3 
4 
4 
3 
5 
4 
2 
33 
4 
0 
5 
6 
7 
6 
4 
4 
4 
0 
5 
0 
0 
5 
0 
0 
0 
4 
0 
4 
0 
0 
0 
5 
4 
0 
0 
3 
0 
0 
4 
3 
0 
0 
5 
4 
0 
4 
0 
4 
0 
0 
3 
0 
168 
22 
4 
0 
0 
3 
0 
0 
7 
0 
3 
0 
2 
0 
5 
0 
5 
0 
2 
0 
0 
5 
0 
0 
5 
0 
0 
5 
0 
0 
4 
3 
0 
5 
0 
0 
3 
0 
0 
3 
0 
0 
4 
0 
3 
44 
5 
0 
0 
0 
3 
2 
69 
3 
0 
4 
0 
0 
6 
0 
8 
0 
4 
4 
5 
3 
2 
4 
6 
0 
5 
0 
3 
0 
0 
0 
4 
2 
0 
4 
0 
2 
0 
4 
3 
2 
5 
5 
4 
5 
0 
0 
3 
0 
0 
5 
7 
4 
0 
5 
0 
0 
2 
5 
4 
0 
85 
5 
0 
6 
0 
0 
0 
0 
4 
0 
4 
0 
0 
4 
0 
7 
0 
3 
0 
190 
3 
4 
0 
15538 
9781 
747 
Game Start 
2934 
42 
139 
4 
0 
38 
2 
0 
0 
3 
0 
3 
0 
6 
0 
3 
0 
2 
0 
7 
8 
7 
0 
0 
0 
4 
0 
0 
4 
3 
0 
2 
0 
3 
0 
5 
0 
5 
0 
4 
0 
4 
0 
0 
7 
0 
0 
4 
0 
4 
0 
6 
0 
0 
5 
0 
0 
6 
0 
0 
2 
0 
0 
7 
0 
5 
0 
5 
0 
5 
0 
0 
3 
4 
0 
0 
4 
0 
3 
0 
4 
0 
0 
0 
4 
0 
4 
3 
2 
3 
0 
0 
3 
0 
5 
0 
4 
0 
0 
4 
0 
0 
31 
5 
4 
0 
0 
3 
5 
0 
0 
4 
2 
0 
0 
0 
2 
0 
3 
0 
4 
0 
5 
0 
5 
0 
2 
0 
0 
5 
0 
2 
0 
5 
0 
3 
3 
0 
5 
0 
0 
4 
3 
0 
9 
0 
7 
4 
0 
3 
0 
0 
4 
0 
3 
0 
3 
87 
6 
8 
0 
4 
0 
4 
0 
4 
0 
7 
3406 
4 
0 
4 
3 
1341 
3 
5 
297 
149 
387 
96 
68 
59 
23 
40 
33 
4 
326 
3 
4 
0 
0 
6 
0 
2 
4 
5 
0 
6 
4 
0 
0 
3 
0 
5 
3 
0 
4 
0 
4 
0 
3 
0 
3 
0 
4 
3 
0 
4 
3 
0 
3 
0 
3 
0 
3 
0 
3 
0 
3 
3 
4 
0 
4 
0 
0 
5 
0 
0 
0 
5 
0 
4 
0 
4 
4 
0 
3 
0 
4 
0 
5 
0 
5 
0 
0 
5 
0 
0 
3 
0 
0 
4 
0 
0 
4 
17 
0 
0 
3 
0 
0 
4 
0 
62 
2 
3 
3 
242 
0 
5 
0 
3 
0 
2 
3 
0 
5 
0 
4 
0 
4 
0 
6 
4 
0 
3 
4 
0 
0 
5 
0 
0 
3 
0 
0 
2 
0 
6 
62 
4 
0 
196 
10 
21 
0 
0 
4 
0 
3 
0 
4 
2 
4 
0 
4 
0 
3 
0 
4 
3 
8 
5 
5 
0 
4 
5 
36 
46 
159 
127 
0 
4 
0 
3 
0 
3 
5 
0 
5 
5 
0 
5 
7 
6 
6 
7 
6 
5 
6 
5 
4 
3 
0 
6 
7 
0 
0 
7 
0 
6 
6 
6 
6 
0 
3 
4 
0 
4 
0 
0 
0 
4 
0 
4 
4 
4 
4 
0 
5 
3 
5 
0 
5 
0 
5 
0 
5 
4251 
