3931 
1039 
3 
3 
19807 
2 
63 
3 
188 
54 
3 
0 
55 
12 
66 
962 
5 
0 
0 
3 
2 
88 
8 
4 
3 
0 
33 
31 
353 
15 
77 
0 
5 
488 
4 
0 
4 
0 
269 
49 
27 
50 
43 
172 
34 
3 
0 
4 
3 
4 
18 
215 
59 
78 
63 
468 
57 
29 
4 
3 
4 
141 
65 
20 
2 
3 
53 
3 
129 
3 
362 
4 
5 
44 
4 
7 
6 
3 
3 
65 
0 
628 
3 
580 
2 
286 
8 
27 
52 
29 
14 
28 
223 
2 
0 
5 
79 
14 
107 
76 
132 
5 
41 
0 
2 
0 
6 
0 
54 
0 
4 
309 
4431 
3 
30 
0 
0 
3 
0 
212 
3757 
0 
24 
5 
10 
3 
0 
2 
545 
8 
0 
0 
2 
0 
4 
361 
25 
0 
0 
6 
0 
3 
31 
61 
4 
0 
133 
2 
59 
5 
1048 
122 
4 
13 
0 
206 
7 
0 
4 
3 
112 
24 
40 
4 
5 
0 
6 
0 
5 
99 
636 
1095 
0 
3 
0 
3 
283 
956 
3 
588 
0 
2 
5 
3 
0 
3 
0 
3 
0 
0 
0 
5 
0 
7 
0 
6 
0 
68 
2 
0 
3 
8 
2 
3 
2 
0 
44 
0 
7 
3 
0 
2 
0 
6 
0 
30 
5 
0 
0 
164 
4 
0 
3 
1573 
0 
4 
0 
5 
160 
4 
5 
0 
5 
0 
5 
0 
2723 
0 
4 
4 
3 
4 
8800 
3099 
828 
4075 
13 
355 
4 
0 
4 
0 
140 
0 
9 
4 
0 
5 
49 
3 
0 
6 
0 
5 
4 
3 
0 
4 
0 
4 
0 
5 
3 
0 
20 
4 
149 
0 
4 
142 
4 
2 
5 
0 
4 
9 
5 
3 
5 
61 
20 
31 
4 
11 
0 
5 
0 
4 
4 
55 
12 
4 
0 
0 
6 
0 
8 
34 
0 
3 
0 
32 
67 
6 
4 
4 
0 
4 
7 
7 
0 
0 
2 
0 
38 
0 
25 
3 
3 
4 
0 
3 
3 
4 
0 
4 
0 
3 
5 
0 
6 
0 
7 
0 
2 
0 
4 
0 
0 
6 
0 
138 
0 
4 
20 
4 
0 
3 
21 
0 
4 
4 
3 
0 
0 
3 
0 
0 
3 
0 
5 
0 
124 
4 
2 
0 
4 
160 
0 
2 
3 
3 
4 
4 
0 
4 
5 
3 
14 
0 
6 
0 
4 
0 
3 
0 
5 
64 
0 
9 
4 
0 
3 
0 
0 
3 
8943 
3 
81 
4 
4 
117 
4 
0 
3 
0 
4 
0 
95 
0 
3 
0 
4 
4 
0 
2 
217 
3 
2 
3 
0 
3 
2 
2 
0 
3 
0 
6 
6 
4 
0 
4 
4 
6 
0 
4 
0 
28 
6 
0 
3 
0 
4 
4 
3 
0 
3 
0 
4 
2 
0 
3 
0 
0 
4 
0 
4 
29 
3 
149 
0 
5 
0 
0 
5 
3 
0 
0 
3 
124 
3 
4 
3 
35 
4 
6 
4 
0 
4 
3 
0 
5 
0 
3 
20 
2 
0 
6 
0 
6 
6 
0 
4 
321 
0 
4 
93 
4 
3 
0 
3 
4 
0 
75 
3 
0 
3 
4 
0 
4 
3 
3 
5 
0 
4 
0 
5 
0 
4 
6 
0 
3 
5 
0 
66 
3 
73 
0 
6 
0 
796 
0 
4 
3 
2 
0 
0 
4 
0 
57 
4 
0 
5 
4 
0 
3 
0 
4 
62 
0 
4 
24 
4 
0 
3 
0 
2 
0 
0 
3 
3 
4 
38 
5 
4 
4 
4 
3 
5 
3 
8 
143 
4 
25 
15 
13979 
1039 
250 
577 
