3525 
4  
2 
4 
3 
4 
3 
3 
2 
3 
2 
4 
4 
4 
4 
4 
353 
12 
2 
19 
7 
12 
3 
7 
94 
26 
4 
5 
4 
3 
3 
4 
4 
4 
5 
6 
5 
97 
8 
33 
25 
440 
10 
1508 
5 
5 
23 
4 
12 
6 
91 
13 
12 
3 
4 
23 
18 
27 
13 
4 
4 
4 
5 
3 
642 
4 
9 
20 
8 
21 
55 
8 
36 
80 
512 
6 
6 
6 
68 
5 
31 
214 
70 
46 
34 
144 
52 
65 
46 
44 
20 
43 
49 
56 
47 
745 
4 
7 
4 
4 
26 
15 
4 
31 
30 
39 
493 
165 
65 
5 
6 
525 
36 
124 
43 
524 
4 
16 
70 
0 
4 
15 
17 
16 
4 
41 
142 
567 
17 
65 
186 
30 
148 
19 
14 
158 
4 
19 
7 
13 
5 
5 
5 
107 
41 
5 
0 
46 
9 
2 
5 
4 
5 
34 
0 
0 
5 
0 
5 
0 
64 
5 
4 
19 
6 
4 
6 
3 
40 
115 
4 
2655 
84 
4 
4 
2011 
5 
5 
0 
3582 
85 
100 
5 
4 
3 
4 
4 
159 
10 
3 
5 
53 
234 
4 
3 
4 
3 
21 
3 
6 
107 
14 
3 
4 
6 
5 
6 
70 
17 
22 
67 
20 
19 
5 
23 
3 
4 
114 
11 
5 
23 
12 
4 
8 
35 
5 
17 
2 
119 
5 
33 
48 
35 
29 
84 
34 
48 
38 
33 
29 
23 
44 
26 
12 
50 
22 
30 
498 
9 
23 
24 
3 
9 
36 
54 
379 
21 
47 
406 
84 
50 
18 
3 
52 
39 
38 
31 
20 
49 
35 
15 
142 
38 
12 
4 
13 
15 
568 
6 
9 
24 
18 
20 
322 
22 
21 
70 
240 
28 
52 
22 
13 
27 
378 
58 
13 
139 
0 
4 
8 
28 
463 
4 
32 
16 
4 
628 
863 
24 
845 
3 
156 
41 
54 
851 
4 
5 
4 
5 
5 
8 
19 
13 
12 
325 
3 
13 
505 
16 
80 
23 
24 
515 
5 
4 
4 
5 
4 
2 
4 
1058 
11 
32 
21 
36 
23 
44 
35 
581 
37 
59 
22 
62 
1005 
51 
153 
36 
22 
44 
66 
31 
32 
47 
41 
50 
3881 
18 
12 
24 
13 
13 
626 
25 
5 
210 
13 
49 
1931 
34 
239 
15 
4 
4 
92 
41 
48 
473 
7 
17 
10 
8 
206 
8 
193 
4 
4 
11236 
903 
12 
4 
484 
21 
15 
0 
8 
150 
7 
8 
5 
20 
99 
37 
130 
11 
11 
24 
24 
14 
618 
48 
390 
40 
163 
2 
29 
680 
12 
32 
92 
25 
623 
846 
5 
3 
10 
5 
552 
16 
13 
7 
8 
19 
709 
5 
176 
190 
730 
17 
35 
56 
3 
22 
162 
16 
23 
25 
488 
30 
36 
15 
3 
0 
5 
426 
15 
5 
164 
3 
3 
86 
12 
9 
6 
471 
40 
31 
12 
14 
34 
10 
812 
17 
24 
36 
4 
601 
10 
13 
4 
5 
189 
28 
737 
23 
50 
27 
6 
191 
27 
561 
5 
5 
4 
366 
13 
48 
38 
27 
26 
51 
294 
88 
896 
11 
8 
93 
13 
514 
14 
40 
5 
13 
182 
10 
380 
67 
17 
53 
26 
198 
3 
32 
4 
3 
73 
35 
11 
16 
11 
7 
4 
5 
36 
