9274 
1285 
2323 
1734 
1 
663 
804 
0 
3 
0 
2 
343 
4 
0 
0 
0 
3 
0 
0 
11 
4 
0 
173 
0 
0 
0 
4 
0 
0 
5 
0 
5 
7 
0 
6 
0 
2 
0 
4 
3 
0 
0 
2 
0 
4 
3 
319 
0 
6 
7 
4 
5 
0 
0 
4 
0 
4 
0 
4 
10 
394 
0 
3 
0 
6 
0 
7 
0 
7 
0 
32 
4 
0 
5 
5 
75 
3 
2 
181 
3 
0 
2 
4 
93 
0 
5 
0 
3 
504 
3 
0 
7 
3 
4 
128 
4 
0 
175 
0 
3 
3 
243 
3 
223 
0 
0 
145 
0 
0 
5 
3 
0 
4 
5 
0 
6 
139 
3 
70 
4 
0 
4 
0 
85 
3 
0 
4 
0 
2 
255 
4 
3 
25 
0 
4 
215 
0 
4 
3 
14 
4 
0 
99 
106 
3 
3 
213 
3 
3 
5 
7 
7 
6 
6 
60 
154 
0 
2 
0 
6 
5 
7 
0 
6 
137 
3 
0 
0 
5 
5 
60 
0 
3 
3 
4 
4 
0 
4 
3 
0 
84 
4 
0 
0 
3 
0 
0 
3 
0 
4 
0 
5 
0 
3 
2 
0 
0 
0 
5 
0 
0 
0 
41 
4 
0 
0 
0 
0 
0 
5 
5 
3 
0 
0 
0 
3 
0 
0 
7 
6 
4 
0 
0 
3 
0 
0 
2 
4 
0 
4 
3 
4 
3 
3 
4 
0 
0 
5 
4 
3 
0 
3 
0 
5 
3 
0 
4 
4 
5 
3 
0 
3 
0 
3 
4 
7 
0 
15 
2 
7 
5 
97 
0 
6 
6 
4 
5 
3 
0 
2 
0 
4 
0 
134 
0 
4 
87 
0 
3 
270 
4 
4 
5 
6076 
0 
4 
0 
4 
0 
4 
0 
6 
0 
6 
801 
72 
8 
5 
4 
5 
4 
5 
4 
0 
0 
0 
4 
0 
3 
0 
268 
3 
0 
0 
0 
7 
0 
0 
6 
0 
4 
0 
3 
3 
163 
0 
5 
6 
3 
0 
0 
3 
0 
3 
0 
3 
0 
6 
0 
14 
0 
2 
0 
0 
4 
0 
3 
0 
6 
0 
7 
0 
40 
0 
3 
3 
117 
4 
100 
3 
5 
0 
4 
0 
0 
5 
0 
4 
0 
121 
0 
3 
0 
80 
3 
5 
3 
4 
2 
0 
3 
337 
0 
2 
0 
2 
0 
2 
5 
4 
0 
2 
285 
4 
0 
59 
5 
0 
0 
4 
5 
0 
0 
91 
4 
0 
3 
0 
3 
5 
3 
4 
3 
0 
5 
0 
14 
49 
0 
4 
4 
0 
5 
0 
3 
96 
0 
4 
0 
0 
8 
0 
0 
3 
0 
3 
0 
0 
0 
3 
0 
4 
0 
5 
0 
0 
4 
0 
6 
0 
4 
3 
0 
4 
0 
5 
0 
4 
0 
268 
4 
0 
3 
5 
7 
6 
4 
0 
3 
3 
2 
6 
7 
0 
9 
5 
0 
0 
4 
3 
4 
0 
0 
7 
477 
0 
0 
3 
0 
4 
0 
5 
0 
4 
4 
0 
0 
5 
0 
4 
0 
3 
53 
4 
0 
3 
0 
4 
5 
0 
0 
5 
0 
0 
5 
3 
4 
0 
7 
0 
7 
7 
25 
65 
49 
54 
44 
16343 
7 
1906 
267 
377 
2280 
3 
4 
3 
5 
95 
5 
9 
4 
6 
4 
0 
0 
0 
3 
0 
4 
4 
4 
3 
0 
5 
0 
0 
7 
0 
0 
8 
0 
0 
5 
0 
4 
0 
3 
206 
0 
4 
7 
75 
5 
0 
0 
4 
2 
4 
3 
0 
3 
0 
4 
0 
37 
3 
0 
5 
26 
0 
0 
12 
3 
35 
5 
5 
58 
5 
0 
3 
0 
5 
190 
7 
0 
3 
0 
0 
3 
6 
0 
5 
0 
0 
0 
2 
0 
0 
298 
0 
0 
3 
0 
4 
0 
2 
0 
0 
3 
0 
0 
5 
0 
4 
2 
0 
0 
2 
0 
0 
5 
0 
3 
0 
0 
2 
0 
5 
3 
0 
2 
0 
3 
0 
0 
6 
6 
0 
0 
4 
0 
5 
0 
7 
0 
6 
4 
6 
3 
5 
5 
0 
4 
0 
0 
4 
0 
4 
0 
0 
2 
0 
4 
3 
0 
53 
3 
0 
4 
5 
4 
0 
0 
3 
0 
5 
4 
4 
46 
0 
0 
3 
5 
0 
0 
0 
4 
0 
42 
3 
5 
5 
107 
4 
4 
3 
5 
3 
5 
0 
0 
4 
0 
5 
0 
0 
5 
0 
4 
23 
4 
0 
3 
0 
4 
0 
3 
0 
4 
15 
0 
6 
0 
3 
0 
0 
7 
5 
3169 
4 
0 
0 
3 
431 
2 
0 
0 
3 
386 
3 
106 
0 
4 
0 
3 
5 
0 
4 
0 
4 
0 
4 
0 
0 
70 
7 
4 
6 
4 
4 
4 
0 
4 
0 
0 
4 
99 
117 
4 
0 
2 
0 
3 
3 
0 
4 
4 
0 
3 
3 
5 
0 
5 
0 
4 
0 
0 
5 
5 
0 
4 
26 
6 
0 
4 
266 
5 
3 
2 
0 
5 
0 
2 
0 
4 
0 
0 
5 
0 
17 
0 
0 
0 
0 
4 
0 
5 
0 
0 
0 
7 
40 
7 
0 
0 
6 
0 
4 
4 
148 
0 
0 
3 
0 
4 
0 
3 
0 
3 
4 
4 
83 
0 
5 
2 
0 
3 
0 
3 
2 
0 
3 
0 
0 
4 
5 
0 
4 
4 
0 
5 
0 
0 
5 
0 
5 
0 
4 
0 
5 
0 
3 
5 
7 
0 
7 
0 
0 
7 
0 
3 
0 
4 
0 
4 
5 
7 
27 
0 
4 
0 
3 
0 
5 
158 
3 
4 
0 
0 
2 
3 
4 
0 
4 
3 
3 
3 
0 
0 
4 
0 
0 
2 
4 
0 
0 
4 
4 
0 
5 
0 
5 
6 
0 
0 
4 
5 
0 
4 
4 
175 
0 
0 
3 
3 
0 
0 
6 
0 
3 
0 
4 
4 
4 
4 
0 
25 
3 
0 
5 
0 
4 
4 
0 
0 
4 
5 
0 
0 
0 
4 
5 
0 
0 
4 
0 
0 
0 
4 
4 
0 
0 
0 
5 
0 
4 
4 
0 
7 
5 
0 
4 
4 
4 
0 
0 
6 
0 
4 
0 
3 
0 
5 
4 
7 
4 
122 
0 
0 
0 
4 
0 
0 
16 
4 
0 
0 
4 
4 
0 
3 
0 
3 
17 
4 
4 
3 
4 
4 
0 
6 
0 
5 
0 
4 
0 
5 
0 
7 
4 
4 
4 
5 
6 
4 
0 
0 
3 
0 
0 
5 
0 
2 
0 
98 
3 
320 
4 
0 
4796 
4 
3 
0 
4 
3 
0 
7 
8 
0 
8 
8 
0 
5 
4 
0 
487 
0 
5 
0 
5 
0 
0 
3 
0 
173 
4 
0 
5 
5 
3 
0 
4 
0 
5 
4 
0 
4 
0 
4 
5 
14 
0 
4 
4 
4 
3 
0 
6 
0 
4 
0 
0 
4 
0 
3 
0 
3 
27 
0 
0 
0 
6 
5 
0 
4 
0 
5 
0 
5 
0 
101 
0 
4 
0 
6 
0 
4 
0 
0 
5 
0 
5 
0 
163 
5 
4 
4 
4 
4 
5 
3 
4 
0 
3 
0 
5 
0 
7 
0 
7 
0 
4 
0 
4 
0 
0 
4 
0 
5 
0 
4 
0 
0 
3 
4 
2 
6 
0 
6 
3 
5 
0 
4 
4 
0 
4 
0 
4 
0 
0 
2 
0 
3 
5 
0 
6 
24 
3 
0 
3 
0 
0 
4 
6 
0 
6 
0 
5 
5 
0 
3 
0 
4 
0 
3 
3 
5 
5 
0 
8 
5 
6 
3 
3 
4 
4 
4 
5 
4 
5 
4 
0 
4 
0 
2 
3 
4 
0 
2 
3 
4 
4 
4 
5 
4 
4 
5 
4 
3 
4 
0 
4 
4 
3 
4 
4 
4 
0 
3 
0 
7 
0 
0 
4 
0 
3 
0 
6 
0 
0 
6 
0 
4 
5 
2 
0 
4 
7 
7 
0 
0 
0 
5 
4 
0 
37 
0 
4 
0 
0 
4 
5 
4 
0 
3 
11 
4 
5 
0 
6 
4 
0 
5 
4 
3 
0 
5 
4 
292 
3 
0 
0 
0 
3 
0 
6 
154 
5 
347 
23 
3 
98 
2 
0 
0 
6 
0 
2 
6 
0 
5 
0 
74 
0 
6 
5 
3 
6 
0 
5 
4 
219 
3 
0 
0 
4 
0 
0 
4 
0 
4 
3 
0 
0 
4 
4 
3 
4 
0 
7 
7 
7 
0 
0 
12 
3 
5 
3 
0 
69 
4 
