7085 
980 
1324 
0 
1341 
163 
7244 
1841 
1412 
1808 
1564 
6 
0 
7345 
1884 
700 
620 
94 
2707 
771 
175 
106 
177 
38 
544 
628 
186 
605 
1741 
179 
4441 
5 
6826 
1339 
66 
90 
92 
522 
0 
Game Start 
24640 
6 
0 
863 
0 
846 
2 
505 
0 
1103 
4 
767 
3 
754 
3 
976 
3 
897 
0 
930 
3 
0 
797 
2 
7317 
37 
0 
602 
7 
0 
670 
17 
4 
1627 
0 
0 
551 
17 
0 
1040 
0 
0 
883 
27 
0 
571 
12 
0 
973 
78 
3 
678 
7 
0 
1107 
7 
0 
578 
97 
2 
561 
2 
3 
2 
414 
50 
5 
542 
0 
7 
641 
1601 
0 
910 
0 
716 
0 
984 
3 
4 
3 
2 
3 
0 
2 
2 
4 
4 
510 
0 
826 
0 
1015 
4 
4 
4 
3 
56 
0 
958 
5 
3 
2 
150 
0 
633 
0 
1241 
0 
1319 
0 
1090 
0 
7 
3 
3 
3 
4 
5 
304 
0 
1111 
3 
2 
5 
3394 
5 
5 
0 
450 
6 
0 
3 
3 
3 
266 
2 
0 
0 
656 
3 
0 
3 
572 
4 
3 
3 
125 
2 
0 
0 
622 
3 
0 
2 
717 
3 
6 
7 
0 
5 
4 
3 
2799 
42 
99 
20 
3 
52 
22 
5 
6 
3 
4 
3 
327 
714 
5243 
4 
17 
668 
0 
1220 
415 
324 
0 
1931 
1248 
7219 
0 
1336 
530 
3477 
4 
4 
4 
5 
5 
3 
3 
4 
207 
109 
2194 
632 
555 
54 
160 
536 
1517 
4 
3720 
3439 
1183 
4604 
41 
7 
Game Start 
12640 
0 
0 
7 
238 
14 
0 
4 
0 
13 
5 
0 
5 
4 
5 
4 
0 
0 
5 
5 
0 
0 
145 
3 
0 
4 
6 
5 
0 
0 
3 
4 
0 
3 
5 
0 
0 
5 
0 
2 
4 
0 
0 
324 
0 
2 
105 
6 
0 
0 
4 
0 
4 
0 
57 
31 
0 
0 
0 
0 
3 
49 
12 
11 
5 
7 
50 
0 
0 
5 
0 
0 
43 
87 
0 
6 
91 
3 
19 
249 
0 
0 
3 
42 
3 
123 
24 
3 
0 
3 
64 
0 
0 
0 
4 
0 
0 
0 
3 
0 
4 
4 
5 
0 
0 
36 
3 
0 
5 
5 
4 
64 
35 
0 
0 
0 
7 
0 
0 
0 
0 
5 
0 
0 
4 
0 
4 
0 
0 
4 
0 
5 
116 
16 
0 
3 
4 
70 
0 
3 
11 
0 
2 
5 
60 
3 
65 
3 
0 
0 
72 
4 
0 
27 
3 
0 
112 
4 
64 
2 
0 
743 
3 
494 
0 
0 
0 
0 
3 
0 
3 
5 
3 
0 
4 
0 
195 
0 
0 
4 
4 
0 
0 
0 
4 
0 
0 
0 
45 
47 
0 
53 
5 
0 
4 
81 
0 
0 
261 
4 
3 
22 
0 
5 
0 
0 
4 
0 
3 
6289 
Game Start 
3575 
4 
0 
73 
4 
0 
5 
244 
0 
330 
0 
5 
0 
0 
0 
115 
0 
4 
4 
0 
4 
5 
5 
187 
5 
0 
3 
101 
7 
0 
0 
4 
0 
3 
16 
0 
3 
0 
105 
5 
0 
45 
5 
242 
4 
0 
423 
9 
39 
0 
0 
3 
199 
4 
0 
462 
0 
4 
0 
4 
0 
3 
0 
273 
17 
0 
5 
0 
3 
322 
0 
5 
3 
0 
0 
0 
109 
0 
5 
0 
132 
0 
3 
381 
3 
0 
0 
5 
0 
4 
0 
6 
0 
162 
6 
0 
0 
7 
133 
0 
4 
5 
0 
33 
72 
0 
0 
0 
154 
9 
4 
0 
3 
0 
0 
238 
3 
0 
0 
0 
139 
3 
0 
5 
226 
4 
0 
5 
17 
8 
6 
0 
28 
4 
6 
0 
0 
7 
0 
5 
0 
15 
4 
0 
4 
5 
134 
4 
0 
5 
397 
19 
4 
0 
4 
20 
4 
0 
3 
4 
5 
29 
3 
3 
0 
0 
3 
0 
3 
4 
4 
5 
4 
5 
0 
233 
3 
0 
4 
267 
5 
0 
6 
4 
266 
3 
0 
378 
0 
3 
0 
0 
4 
4 
0 
3 
0 
207 
3 
70 
4 
0 
5 
0 
60 
4 
3 
0 
108 
4 
0 
0 
3 
4 
0 
57 
8 
0 
333 
3 
329 
0 
0 
4 
0 
123 
5 
0 
433 
3 
0 
358 
0 
0 
3 
0 
0 
583 
2371 
6 
2151 
203 
2997 
745 
4 
1002 
4 
67 
0 
98 
4 
90 
5 
0 
0 
6 
0 
179 
6 
0 
5 
332 
0 
50 
6 
7 
0 
80 
0 
3 
0 
472 
4 
0 
5 
355 
5 
0 
692 
31 
14 
0 
0 
3 
131 
0 
2 
0 
0 
5 
0 
0 
56 
2 
0 
3 
0 
7 
8 
5 
28 
0 
0 
372 
6 
0 
294 
5 
0 
848 
4 
0 
0 
4 
0 
0 
5 
0 
4 
118 
4 
0 
249 
6 
0 
5 
333 
0 
3 
0 
0 
5 
11 
6 
0 
0 
0 
506 
4 
54 
5 
0 
0 
371 
135 
2 
0 
5 
6 
0 
0 
4 
180 
4 
0 
4 
365 
0 
4 
0 
315 
4 
0 
340 
0 
4 
0 
432 
3 
0 
4 
4 
0 
224 
5 
0 
331 
5 
677 
10474 
4799 
3355 
2232 
4 
Game Start 
3774 
4 
0 
1542 
4 
0 
4 
490 
0 
2 
550 
6 
3 
0 
138 
0 
0 
3 
0 
0 
0 
260 
0 
4 
10 
2 
3 
3 
4 
4 
4 
3 
41 
6 
5 
0 
5 
2 
121 
4 
0 
460 
3 
0 
593 
0 
3 
0 
2 
252 
3 
843 
3 
0 
284 
0 
6 
190 
6 
5 
0 
4 
3 
4 
8 
8 
155 
8 
6 
4 
186 
5 
0 
588 
2 
6 
0 
4 
26 
4 
4 
0 
0 
0 
12 
3 
174 
4 
4 
0 
5 
23 
3 
5 
0 
0 
3 
55 
3 
0 
617 
2 
0 
3 
3 
66 
0 
0 
2 
0 
0 
7 
7 
0 
9 
0 
7 
6 
91 
0 
4 
0 
115 
5 
4 
6 
0 
5 
11 
5 
57 
3 
0 
4 
108 
4 
0 
0 
4 
16 
3 
3 
0 
3 
3 
846 
0 
0 
0 
4 
304 
0 
0 
7 
0 
58 
4 
683 
4 
0 
3 
0 
0 
128 
4 
0 
6 
0 
25 
0 
4 
4 
3 
2 
5 
159 
47 
5 
0 
263 
0 
3 
0 
3 
55 
0 
0 
0 
4 
2758 
3 
2 
0 
27 
35 
44 
982 
3 
62 
3 
3 
992 
1922 
4 
490 
3 
4 
0 
0 
3 
0 
0 
3 
10 
3 
0 
711 
3 
0 
3 
339 
4 
525 
4 
7 
5 
170 
4 
0 
5 
3 
31 
3 
4 
0 
128 
3 
3 
57 
2 
0 
3 
0 
0 
5 
0 
179 
5 
0 
5 
86 
6 
42 
0 
86 
5 
0 
170 
0 
3 
55 
0 
5 
5 
143 
0 
3 
0 
0 
4 
0 
0 
111 
0 
2 
244 
84 
0 
7 
7 
72 
0 
0 
5 
0 
5 
4 
0 
537 
0 
4 
3 
204 
0 
4 
176 
3 
0 
83 
116 
4 
0 
0 
0 
25 
5 
108 
6 
6 
0 
4 
0 
113 
4 
0 
4 
36 
4 
176 
10 
108 
4 
0 
232 
186 
4 
0 
5 
182 
3 
5 
0 
0 
156 
0 
6 
0 
0 
3 
0 
3 
0 
240 
0 
5 
136 
0 
5 
0 
212 
3 
0 
4 
3 
270 
3 
5 
5 
0 
96 
10291 
4 
442 
0 
4 
0 
0 
3 
0 
100 
0 
3 
0 
391 
0 
4 
25 
3 
0 
4 
302 
6 
6 
0 
4 
0 
0 
2 
145 
4 
7 
0 
205 
0 
6 
6 
4 
0 
4 
0 
104 
5 
4 
4 
0 
4 
0 
0 
2 
0 
4 
92 
0 
5 
2 
185 
15 
3 
0 
5 
5 
156 
0 
4 
5 
0 
5 
0 
5 
0 
4 
4 
29 
4 
5 
6 
7 
0 
6 
5 
3 
0 
0 
811 
49 
7 
42 
42 
0 
2 
0 
2 
2 
0 
0 
0 
4 
0 
3 
3 
0 
198 
2 
21 
2 
0 
0 
2 
3 
0 
27 
2 
0 
72 
6 
3 
2 
371 
2 
3 
0 
4 
0 
7 
242 
0 
2 
0 
0 
3 
0 
4 
0 
155 
4 
3 
69 
3 
5 
3 
0 
218 
2 
0 
5 
0 
4 
0 
0 
239 
0 
4 
4 
0 
3 
4 
28 
44 
2 
40 
0 
3 
0 
100 
3 
101 
3 
0 
3 
5 
809 
12 
164 
4 
0 
984 
4 
0 
791 
5 
0 
423 
0 
0 
0 
0 
0 
2 
40 
3 
504 
4 
0 
4 
583 
3 
4 
5 
20209 
5 
5796 
5 
