6556 
3987 
0 
1 
1 
0 
1 
0 
0 
3 
2 
104 
0 
0 
357 
2 
15 
0 
59 
0 
0 
262 
0 
0 
2270 
0 
3 
0 
3 
4 
4 
94 
0 
0 
3 
0 
3 
0 
0 
0 
3 
0 
3 
0 
3 
357 
3 
198 
0 
4 
0 
0 
4 
0 
4 
0 
2 
0 
3 
0 
3 
184 
0 
0 
142 
2 
0 
4 
0 
0 
2 
0 
3 
204 
2 
0 
142 
3 
6 
207 
3 
0 
2 
0 
4 
0 
3 
0 
2 
3 
3 
89 
3 
0 
4 
0 
0 
3 
0 
6 
2 
0 
3 
0 
4 
0 
2 
0 
0 
4 
282 
3 
0 
0 
3 
0 
4 
0 
0 
3 
513 
0 
3 
267 
4 
0 
2 
0 
0 
3 
0 
0 
5 
2 
0 
4 
21 
3 
43 
3 
253 
24 
11 
6 
4 
3 
0 
0 
5 
0 
3 
0 
117 
0 
0 
69 
4 
0 
4 
2 
3 
0 
0 
4 
0 
3 
0 
2 
0 
264 
0 
0 
7 
907 
703 
1676 
3829 
407 
6 
389 
3 
320 
4 
777 
0 
4 
3 
76 
0 
4 
0 
0 
5 
0 
3 
0 
4 
4 
3 
4 
0 
0 
6 
6 
69 
7 
659 
0 
4 
0 
7 
40 
8 
6 
122 
0 
0 
5 
442 
0 
6 
9 
0 
4 
4 
0 
6 
6 
0 
0 
4 
0 
158 
0 
0 
3 
0 
0 
7 
7 
73 
0 
3 
179 
6 
4 
0 
4 
0 
0 
4 
0 
0 
3 
0 
4 
4 
5 
3 
102 
0 
3 
133 
0 
349 
0 
5 
298 
0 
5 
18 
3 
3 
0 
0 
4 
3 
60 
0 
3 
0 
4 
5 
0 
2 
5 
0 
4 
3 
0 
2 
3 
101 
0 
6 
5 
63 
0 
6 
0 
4 
4 
0 
0 
3 
0 
2 
3 
0 
0 
0 
3 
0 
3 
163 
0 
3 
245 
4 
5 
4 
4 
0 
3 
0 
6 
4 
0 
3 
4 
4 
829 
3 
4 
0 
5 
0 
7 
101 
3 
3 
138 
2 
2 
0 
5 
0 
6 
0 
3 
0 
0 
5 
0 
0 
5 
0 
3 
0 
4 
0 
5 
0 
0 
3 
76 
0 
4 
4 
0 
5 
0 
0 
0 
5 
0 
7099 
2015 
773 
165 
653 
97 
52 
713 
225 
186 
279 
250 
772 
1433 
4 
440 
4 
1444 
0 
83 
2 
142 
0 
409 
0 
414 
0 
3 
289 
0 
3 
12 
0 
2 
0 
3 
0 
2 
0 
3 
5 
0 
3 
2 
0 
3 
0 
0 
87 
3 
0 
258 
0 
4 
84 
6 
184 
0 
385 
7 
0 
4 
0 
4 
0 
0 
0 
3 
0 
4 
4 
0 
2 
72 
4 
211 
118 
0 
2 
0 
0 
4 
0 
5 
0 
3 
4 
0 
0 
4 
52 
4 
166 
2 
212 
0 
0 
3 
3 
3 
0 
0 
3 
0 
3 
3 
0 
2 
2 
0 
0 
5 
0 
4 
0 
3 
0 
0 
4 
0 
0 
6 
5 
7 
6 
270 
0 
4 
21 
0 
6 
0 
8 
7 
0 
6 
0 
3 
3 
0 
4 
4 
4 
0 
0 
5 
4 
0 
106 
0 
3 
0 
3 
0 
5 
4 
0 
4 
4 
0 
4 
5 
3 
0 
3 
4 
3 
0 
0 
5 
119 
0 
5 
3 
0 
0 
2 
0 
4 
0 
3 
0 
3 
3 
2 
0 
2961 
4 
925 
5 
0 
225 
4 
543 
4 
592 
4 
474 
3 
413 
4 
1311 
0 
3 
0 
4 
0 
0 
8 
0 
6 
3 
0 
3 
83 
0 
3 
0 
5 
816 
62 
0 
36 
0 
3 
0 
5 
0 
4 
0 
0 
5 
189 
0 
5 
0 
4 
5 
0 
3 
3 
4 
3 
0 
3 
0 
0 
6 
63 
0 
5 
113 
0 
348 
0 
4 
125 
0 
2 
0 
0 
4 
0 
3 
0 
0 
3 
4 
0 
3 
3 
0 
3 
4 
5 
0 
4 
0 
5 
4 
2 
0 
4 
5 
0 
3 
0 
5 
0 
4 
0 
0 
4 
2 
58 
5 
489 
0 
219 
0 
2 
13 
0 
3 
40 
5 
47 
3 
506 
0 
3 
124 
3 
0 
0 
294 
5 
0 
3 
0 
4 
0 
0 
3 
0 
4 
0 
0 
0 
568 
0 
390 
0 
3 
69 
0 
7 
7 
6 
8 
0 
8 
6 
53 
0 
3 
121 
0 
5 
0 
4 
4 
136 
3 
3 
4 
38 
18 
26 
34 
0 
5 
0 
219 
0 
4 
4 
0 
4 
2 
0 
3 
123 
0 
79 
0 
4 
0 
0 
6 
0 
88 
0 
3 
0 
0 
4 
0 
3 
0 
0 
4 
2 
0 
2 
0 
4 
4 
4 
3 
4 
3 
0 
3 
5 
0 
7 
7 
5 
4 
0 
4 
5 
3 
0 
7 
4 
1527 
4 
78 
4 
0 
0 
4 
0 
6 
0 
0 
3 
5 
0 
3 
3 
2 
0 
0 
4 
4 
4 
0 
0 
5 
0 
4 
2 
4 
0 
7 
0 
0 
3 
0 
0 
4 
0 
7 
4 
3 
1 
0 
4 
4 
4 
2 
0 
5 
6 
0 
3 
0 
3 
4 
0 
3 
0 
3 
3 
2 
6 
4 
3 
0 
0 
7 
0 
3 
3 
3 
52 
0 
4 
299778 
7 
8 
74 
9524 
43 
42 
7586 
5 
8 
7 
5 
4 
3 
4 
255 
112 
1693 
104 
48 
4 
1538 
374 
33 
194 
5 
2 
169 
1858 
3 
