3465 
3082 
2 
0 
3 
3 
37 
0 
3 
3 
2 
0 
0 
4 
0 
0 
0 
5 
0 
3 
6 
5 
4 
0 
0 
3 
0 
3 
4 
0 
5 
0 
0 
3 
61 
0 
4 
91 
39 
2 
0 
7 
0 
3 
64 
0 
5 
0 
5 
5 
4 
139 
5 
6 
0 
0 
0 
4 
0 
0 
7 
0 
0 
0 
0 
3 
7 
7 
0 
0 
6 
0 
3 
3 
0 
0 
4 
0 
0 
3 
4 
0 
0 
4 
0 
5 
0 
0 
3 
0 
3 
0 
0 
0 
5 
4 
0 
5 
0 
0 
190 
5 
3 
0 
4 
3 
5 
23 
5 
0 
3 
0 
3 
0 
87 
4 
6 
0 
5 
0 
61 
5 
0 
3 
0 
3 
3 
0 
0 
7 
0 
0 
4 
2 
4 
686 
240 
4 
2 
0 
4 
0 
15 
0 
7 
0 
7 
7 
0 
7 
0 
6 
5 
0 
3 
9 
0 
3 
209 
0 
3 
0 
0 
3 
56 
3 
4 
4 
0 
4 
143 
0 
3 
8 
5 
4 
0 
4 
0 
0 
4 
0 
2 
88 
0 
2 
0 
0 
2 
0 
0 
0 
0 
3 
0 
4 
0 
7 
0 
7 
0 
0 
0 
4 
0 
0 
4 
3 
5 
4 
0 
4 
3 
0 
3993 
78 
4031 
4 
0 
0 
7 
0 
6 
0 
0 
7 
0 
7 
0 
0 
4 
2 
4 
0 
2 
0 
0 
3 
0 
3 
0 
0 
5 
3 
0 
0 
2 
0 
0 
0 
4 
0 
4 
0 
3 
0 
3 
0 
2 
45 
2 
3 
4 
0 
6 
0 
0 
6 
0 
2 
0 
0 
6 
0 
4 
0 
3 
4 
0 
0 
4 
0 
114 
6 
0 
30 
5 
0 
0 
4 
0 
0 
3 
0 
4 
5 
0 
0 
4 
0 
0 
0 
4 
0 
0 
0 
5 
0 
4 
0 
0 
4 
5 
0 
0 
4 
3 
0 
0 
0 
0 
5 
118 
3 
0 
0 
0 
0 
7 
0 
0 
0 
3 
0 
4 
0 
4 
0 
3 
0 
6 
0 
4 
0 
4 
0 
388 
42 
4 
4 
0 
4 
0 
66 
4 
0 
3 
0 
0 
165 
0 
4 
4 
0 
122 
54 
33 
93 
14 
6 
7 
74 
0 
9 
0 
0 
4 
0 
0 
0 
4 
71 
1096 
27 
295 
2333 
4 
571 
1964 
5 
559 
6 
0 
0 
3 
0 
0 
4 
0 
0 
0 
5 
37 
4 
0 
48 
4 
0 
0 
3 
3 
36 
4 
25 
3 
5 
0 
4 
0 
4 
0 
33 
5 
4 
5 
0 
0 
6 
0 
57 
6 
0 
5 
0 
3 
0 
0 
0 
7 
0 
0 
6 
0 
7 
49 
2 
0 
0 
0 
8 
0 
8 
6 
3 
0 
2 
3 
4 
0 
0 
0 
8 
56 
7 
5 
4 
6 
0 
3 
3 
3 
0 
6 
7 
7 
5 
59 
4 
3 
0 
0 
359 
45 
3 
0 
0 
0 
6 
0 
4 
0 
0 
4 
0 
5 
5 
0 
5 
4 
0 
0 
7 
5 
0 
4 
0 
0 
5 
5 
0 
3 
0 
0 
0 
4 
0 
0 
0 
5 
0 
0 
4 
0 
0 
42 
15 
0 
0 
3 
0 
0 
0 
7 
0 
0 
8 
3 
3 
4 
5 
6 
4 
4 
3 
5 
3 
4 
0 
6 
5 
3 
4 
3 
3 
5 
0 
0 
5 
0 
75 
0 
4 
0 
0 
0 
4 
0 
0 
0 
25 
33 
0 
4 
4 
228 
0 
3 
0 
9 
6 
0 
0 
0 
5 
0 
0 
0 
0 
4 
0 
5 
0 
4 
4 
0 
0 
4 
4 
0 
5 
0 
0 
2 
0 
0 
3 
0 
4 
0 
0 
4 
0 
0 
4 
5 
3 
4 
161 
3 
0 
0 
3 
0 
0 
0 
6 
0 
4 
0 
0 
4 
0 
5 
3 
0 
0 
3 
6 
4 
4 
4 
3 
3 
3 
4 
4 
36 
3 
0 
5 
0 
0 
4 
0 
0 
4 
17 
0 
0 
3 
5 
0 
0 
6 
0 
0 
4 
0 
0 
0 
5 
0 
3 
0 
5 
3 
0 
0 
0 
3 
0 
0 
0 
0 
4 
4 
0 
5 
5 
0 
8428 
289 
664 
76 
2396 
7 
844 
190 
183 
516 
708 
2331 
0 
2 
0 
3 
0 
7 
0 
0 
0 
5 
0 
0 
49 
4 
0 
2 
0 
0 
0 
4 
0 
3 
13 
0 
0 
0 
4 
0 
0 
118 
4 
0 
2 
0 
5 
0 
4 
3 
5 
0 
4 
0 
3 
0 
0 
6 
0 
0 
8 
55 
3 
0 
19 
0 
5 
7 
0 
0 
0 
0 
2 
0 
0 
0 
2 
0 
3 
0 
0 
3 
0 
27 
0 
2 
4 
0 
0 
3 
5 
0 
5 
0 
0 
0 
0 
8 
0 
4 
4 
4 
3 
0 
0 
4 
0 
41 
3 
0 
0 
5 
37 
0 
0 
0 
3 
0 
0 
0 
3 
0 
33 
6 
38 
5 
4 
0 
0 
3 
6 
0 
0 
2 
3 
0 
27 
0 
4 
0 
3 
0 
56 
5 
0 
4 
0 
0 
4 
3 
0 
6 
0 
4 
0 
0 
0 
6 
0 
0 
0 
3 
0 
0 
5 
0 
3 
0 
4 
0 
3 
0 
0 
3 
0 
0 
4 
41 
0 
0 
0 
4 
0 
0 
0 
4 
89 
3 
0 
144 
5 
4 
0 
55 
5 
5 
5 
4 
0 
0 
0 
10 
0 
8 
6 
6 
6 
4 
0 
4 
24 
3 
3 
4 
6 
0 
0 
4 
0 
0 
0 
0 
2 
0 
5 
0 
4 
0 
0 
3 
0 
4 
6 
0 
7 
0 
5 
4 
0 
6 
5 
3 
0 
0 
6 
0 
0 
0 
8 
0 
5 
27 
6 
0 
3 
0 
2 
0 
0 
5 
0 
28 
7 
5 
0 
0 
4 
5 
0 
4 
0 
0 
0 
4 
0 
3 
0 
4 
0 
5 
5 
0 
0 
4 
4 
4 
4 
3 
4 
3 
4 
2 
4 
4 
4 
3 
5 
6 
0 
7 
0 
0 
0 
4 
0 
0 
13 
52 
128 
71 
327 
3 
6039 
0 
4 
114 
41 
0 
284 
0 
327 
0 
0 
0 
6 
0 
3 
0 
4 
5 
32 
0 
0 
5 
0 
32 
4 
3 
0 
4 
0 
0 
119 
0 
4 
5 
11 
4 
4 
0 
0 
3 
0 
4 
0 
0 
5 
0 
0 
6 
0 
0 
0 
0 
4 
0 
0 
17 
532 
3 
314 
438 
62 
38 
4 
4 
4 
3 
4 
15 
4 
4 
0 
0 
4 
0 
0 
0 
5 
0 
4 
0 
0 
50 
5 
2 
0 
0 
0 
199 
2 
23 
4 
0 
5 
4 
0 
0 
30 
6 
5 
3 
4 
4 
4 
4 
5 
2 
3 
3 
6 
6 
137 
4 
11 
4 
4 
3 
5 
4 
0 
0 
106 
69 
223 
3 
3 
189 
3 
205 
2 
4 
0 
3 
0 
0 
0 
183 
4 
0 
164 
4 
0 
50 
4 
3 
5 
0 
0 
4 
0 
4 
0 
2 
0 
0 
3 
5 
0 
0 
0 
7 
26 
3 
7 
6 
0 
15 
4 
7 
5 
6 
0 
2 
0 
49 
0 
0 
5 
3 
4 
0 
5 
0 
4 
4 
0 
0 
5 
0 
65 
3 
0 
21 
165 
907 
1359 
2556 
