3829 
2 
2210 
2 
0 
783 
3561 
0 
251 
0 
2304 
4 
0 
4 
4 
0 
3 
2 
0 
3 
668 
353 
60 
224 
453 
1989 
70 
26 
133 
68 
100 
211 
44 
61 
47 
14 
80 
43 
4 
0 
6 
8 
42 
5 
5 
0 
2 
3 
5 
6 
7 
0 
31 
37 
21 
139 
3 
2 
0 
4 
0 
0 
35 
37 
276 
3 
0 
3 
0 
0 
5 
0 
0 
4 
4 
4 
0 
5 
0 
4 
4 
4 
6 
0 
4 
0 
2 
0 
0 
4 
3 
4 
2 
6 
0 
3 
0 
3 
0 
4 
3 
3 
0 
2 
2 
5 
0 
0 
2 
0 
3 
0 
3 
0 
0 
3 
0 
3 
0 
0 
3 
2 
38 
5 
4 
3 
2 
3 
0 
0 
0 
0 
2 
0 
0 
2 
3 
0 
0 
0 
3 
0 
0 
4 
3 
0 
2 
3 
0 
3 
3 
3 
0 
0 
69 
0 
5 
74 
97 
5 
4 
0 
5 
3 
3 
6 
5 
4 
0 
3 
0 
0 
3 
0 
3 
0 
7 
0 
0 
0 
7 
0 
3 
0 
0 
4 
0 
3 
0 
0 
5 
0 
0 
3 
0 
6 
0 
5 
3 
0 
5 
0 
0 
0 
4 
0 
8 
0 
0 
4 
3 
0 
0 
0 
2 
0 
0 
4 
0 
5 
0 
157 
0 
0 
4 
0 
0 
3 
0 
0 
2 
0 
3 
0 
4 
0 
2 
0 
4 
3 
4 
0 
0 
0 
3 
0 
0 
0 
4 
4 
0 
0 
4 
4 
3 
45 
0 
3 
148 
40 
3 
113 
38 
0 
4 
50 
3 
0 
0 
4 
6 
0 
0 
0 
3 
5 
0 
0 
0 
5 
1621 
7242 
4 
2 
3 
6 
41 
7 
7 
0 
19 
82 
4 
0 
3 
3 
2 
4 
0 
2 
3 
3 
2 
54 
2 
3 
41 
3 
78 
11 
40 
36 
12 
4 
0 
0 
2 
3 
0 
0 
0 
5 
40 
5 
0 
3 
0 
0 
0 
5 
4 
6 
0 
7 
0 
0 
6 
0 
0 
6 
0 
3 
0 
0 
0 
6 
0 
0 
0 
4 
0 
0 
0 
2 
0 
0 
0 
0 
0 
2 
0 
0 
0 
2 
0 
3 
0 
3 
2 
0 
0 
4 
0 
3 
0 
3 
0 
7 
0 
0 
0 
5 
0 
92 
64 
48 
6 
4 
0 
2 
67 
5 
3 
3 
3 
4 
4 
3 
5 
4 
4 
111 
11 
3 
0 
57 
261 
4 
3 
7 
0 
4 
0 
130 
3 
3 
3 
0 
0 
3 
0 
0 
3 
0 
4 
0 
4 
0 
6 
0 
11 
29 
8 
3 
4 
0 
77 
0 
4 
0 
0 
5 
0 
0 
3 
0 
6 
5 
0 
4 
0 
3 
4 
2 
0 
0 
4 
0 
0 
106 
40 
19 
27 
4 
91 
57 
3 
55 
4 
5 
187 
0 
2 
6 
31 
4 
0 
3 
3 
0 
4 
0 
0 
122 
7267 
5 
3 
4 
3 
2 
243 
641 
4 
6 
19 
35 
38 
8 
0 
0 
5 
0 
3 
0 
4 
0 
5 
0 
50 
4 
0 
0 
3 
0 
3 
2 
2 
0 
4 
3 
3 
4 
3 
0 
0 
3 
0 
0 
0 
3 
4 
0 
0 
0 
4 
0 
0 
4 
0 
0 
5 
0 
0 
0 
5 
6 
18 
55 
4 
108 
5 
5 
4 
0 
5 
18 
51 
45 
5 
4 
5 
5 
4 
2 
4 
0 
4 
3 
4 
2 
0 
5 
3 
32 
5 
5 
55 
3 
3 
4 
0 
0 
3 
5 
4 
4 
4 
0 
3 
3 
3 
3 
2 
0 
3 
2 
0 
0 
5 
0 
0 
0 
34 
61 
4 
0 
3 
0 
5 
0 
0 
2 
0 
0 
0 
2 
6 
4 
0 
0 
4 
0 
3 
0 
72 
77 
4 
0 
4 
0 
4 
0 
4 
3 
5 
14 
70 
69 
0 
0 
2 
0 
0 
6 
8 
29 
5 
0 
5 
0 
3 
4 
106 
73 
44 
56 
37 
171 
84 
233 
5 
5 
97 
59 
46 
5 
0 
242 
6 
5 
0 
69 
0 
7 
0 
0 
5 
6 
0 
0 
121 
0 
365 
2 
0 
80 
0 
0 
4 
0 
28 
61 
12 
33 
3 
13599 
1352 
587 
609 
6 
584 
1335 
4 
59 
5 
6 
49 
123 
89 
75 
88 
19 
5 
4 
0 
71 
4 
0 
5 
0 
3 
0 
4 
0 
6 
3 
3 
0 
0 
0 
7 
0 
0 
3 
0 
3 
0 
81 
0 
3 
0 
5 
0 
0 
3 
3 
5 
5 
2 
0 
4 
0 
5 
3 
0 
3 
0 
4 
0 
5 
3 
3 
0 
4 
0 
5 
0 
8 
0 
7 
80 
28 
0 
3 
4 
0 
5 
0 
4 
2 
4 
2 
2 
0 
3 
0 
3 
4 
128 
30 
0 
4 
0 
3 
0 
4 
0 
6 
4 
0 
4 
0 
5 
0 
3 
0 
8 
0 
7 
0 
5 
60 
6 
0 
0 
6 
0 
5 
0 
55 
4 
0 
0 
7 
0 
0 
2 
0 
0 
0 
3 
4 
5 
0 
4 
0 
3 
0 
4 
26 
2 
4 
0 
2 
0 
3 
0 
0 
4 
0 
3 
0 
0 
0 
0 
8 
0 
0 
4 
0 
4 
0 
0 
0 
4 
0 
3 
0 
3 
0 
3 
2 
0 
6 
53 
15 
3 
6 
4 
0 
3 
0 
0 
5 
0 
0 
3 
0 
0 
0 
4 
0 
0 
0 
4 
0 
3 
0 
8 
64 
3 
3 
14 
5 
3 
6 
5 
0 
3 
4 
0 
5 
5 
3 
0 
4 
0 
4 
0 
3 
0 
5 
73 
4 
0 
3 
0 
3 
0 
81 
0 
4 
0 
0 
0 
4 
0 
3 
4 
3 
0 
5 
0 
71 
81 
21 
4 
48 
5 
4 
0 
0 
0 
4 
0 
0 
4 
20 
7 
0 
0 
0 
5 
0 
0 
4 
0 
0 
4 
0 
4 
0 
0 
4 
0 
0 
3 
0 
6 
0 
0 
5 
0 
4 
5 
4 
0 
0 
0 
3 
4 
0 
3 
3 
3 
0 
13 
0 
4 
0 
3 
0 
4 
3 
5 
0 
6 
0 
5 
2 
0 
5 
0 
3 
89 
0 
3 
0 
0 
3 
0 
0 
3 
0 
0 
3 
0 
0 
0 
3 
0 
4 
2 
4 
3 
0 
4 
0 
3 
3 
0 
4 
0 
2 
6 
0 
6 
0 
4 
0 
6 
0 
3 
0 
2 
0 
3 
0 
3 
88 
4 
8913 
5 
8 
32 
2 
2 
0 
30 
4 
6 
4 
2 
5 
5 
3 
3 
3 
3 
4 
3 
3 
2 
27 
3 
169 
0 
25 
4 
0 
0 
3 
0 
3 
0 
5 
0 
5 
0 
2 
0 
0 
3 
0 
0 
0 
6 
0 
0 
4 
4 
3 
0 
5 
0 
0 
6 
0 
4 
0 
4 
6 
2 
4 
4 
4 
3 
3 
0 
0 
3 
0 
4 
0 
4 
5 
5 
0 
4 
0 
6 
0 
0 
3 
0 
0 
3 
0 
0 
4 
26 
3 
2 
4 
0 
3 
0 
2 
0 
0 
5 
0 
3 
0 
3 
3 
3 
0 
3 
0 
4 
5 
0 
4 
0 
3 
3 
4 
4 
0 
0 
6 
0 
5 
3 
0 
0 
2 
0 
13 
4 
19 
132 
50 
55 
16 
1 
3 
5 
56 
0 
4 
0 
3 
11 
5 
2 
4 
0 
5 
0 
0 
3 
0 
3 
0 
0 
0 
2 
34 
78 
65 
2 
6 
0 
3 
0 
0 
4 
6 
0 
2 
4 
0 
5 
5 
3 
0 
2 
0 
0 
5 
0 
0 
2 
2 
4 
0 
0 
4 
9519 
72 
103 
44 
37 
2 
3 
41 
3 
3 
4 
4 
5 
30 
4 
2 
0 
0 
0 
4 
3 
3 
5 
3 
4 
0 
7 
5 
0 
0 
7 
0 
6 
0 
6 
0 
0 
4 
0 
7 
6 
33 
86 
33 
3 
0 
2 
0 
0 
2 
4 
5 
3 
0 
4 
0 
93 
75 
2 
4 
0 
5 
4 
0 
4 
0 
5 
5 
0 
3 
4 
4 
3 
4 
0 
7 
0 
0 
6 
6 
6 
0 
4 
0 
37 
4 
0 
5 
6 
0 
0 
5 
32 
108 
4 
0 
863 
27 
0 
0 
4 
0 
0 
0 
139 
3 
4 
3 
0 
3 
0 
4 
0 
0 
3 
0 
0 
6 
0 
6 
7 
6 
0 
4 
0 
0 
4 
0 
0 
0 
6 
0 
5 
0 
5 
0 
4 
0 
6 
5 
0 
0 
4 
0 
0 
3 
0 
3 
4 
0 
0 
5 
3 
3 
40 
0 
5 
30 
4 
4 
44 
7 
6 
8 
5 
0 
3 
0 
7 
6 
7 
0 
3 
3 
0 
3 
0 
3 
0 
0 
5 
0 
0 
4 
0 
0 
0 
5 
0 
0 
0 
0 
4 
2104 
