3506 
3 
13689 
6961 
2 
0 
168 
0 
1012 
2 
157 
36 
41 
335 
0 
0 
247 
83 
6 
4 
4 
0 
49 
6 
5 
4 
2 
0 
5 
6 
4 
0 
3 
0 
4 
107 
0 
0 
0 
258 
2 
4 
81 
3 
168 
385 
4 
201 
4 
181 
0 
3 
0 
0 
5 
0 
6 
76 
5 
6 
7 
6 
15 
36 
35 
11 
68 
15 
3 
0 
7 
4 
4 
4 
3 
4 
3 
3 
77 
0 
3 
5 
3 
4 
5 
3 
3 
2 
3 
0 
4 
3 
53 
4 
3 
0 
5 
0 
7 
0 
5 
34 
2 
5 
8 
7 
6 
0 
8 
122 
0 
4 
10 
0 
656 
0 
604 
0 
329 
7 
145 
4 
5 
6 
93 
4 
6 
0 
6 
0 
4 
0 
4 
5 
6 
7 
0 
0 
9691 
96 
337 
56 
0 
482 
767 
24 
428 
113 
0 
4 
0 
4 
321 
5 
488 
0 
71 
489 
0 
3 
3 
4 
6 
59 
298 
3 
4 
4 
20 
0 
2 
3 
6 
3 
3 
0 
5 
0 
0 
39 
2 
3 
6 
5 
5 
4 
5 
308 
4 
3 
6 
6 
4 
62 
0 
676 
0 
216 
12 
102 
6 
194 
5 
3 
4 
4 
4 
13 
4 
5 
4 
7 
7 
6 
7 
6 
4 
0 
0 
4 
0 
491 
4 
7 
5 
2 
5 
5 
175 
5 
3 
0 
0 
216 
5 
5 
485 
0 
4 
3 
4 
4 
5 
7 
4 
5 
5 
4 
375 
3 
288 
0 
0 
5 
4 
15 
2 
7 
24 
5 
91 
7 
7 
7 
6 
0 
2 
0 
71 
4 
5 
126 
56 
0 
0 
3 
3 
0 
4 
4 
3 
4 
4 
5 
4 
4 
3 
3 
0 
4 
0 
3 
195 
0 
514 
467 
0 
277 
3 
7 
3 
4 
3 
4 
5 
5 
0 
4 
3 
2 
3 
3 
2 
3 
6 
0 
6 
4 
3 
84 
0 
3 
4 
117 
5 
3 
3 
4 
5 
4 
5 
3 
3 
0 
4 
4 
0 
0 
6 
424 
2 
294 
3 
0 
6 
54 
4 
0 
5 
7 
13778 
42 
1138 
1368 
514 
3454 
5 
338 
0 
418 
6 
4 
105 
3 
235 
3 
155 
4 
4 
4 
5 
0 
102 
53 
3 
30 
25 
31 
48 
4 
403 
0 
376 
6 
3 
504 
0 
207 
61 
50 
0 
510 
3 
6 
0 
5 
3 
3 
0 
225 
0 
140 
5 
7 
6 
7 
0 
4 
2 
0 
3 
6 
4 
3 
3 
3 
224 
5 
0 
3 
3 
0 
5 
0 
4 
0 
3 
4 
0 
6 
77 
48 
3 
4 
78 
0 
1407 
3 
0 
0 
6 
7 
6 
249 
2 
392 
3 
4 
0 
245 
52 
70 
187 
3 
4 
31 
2 
26 
2 
5 
180 
0 
0 
3 
304 
31 
105 
0 
0 
5 
226 
25 
3 
4 
5 
0 
4 
0 
114 
3 
5 
8 
449 
99 
372 
0 
266 
383 
3 
5 
0 
0 
467 
4 
0 
0 
4 
0 
284 
17 
101 
0 
711 
0 
5 
274 
7 
7 
0 
0 
5 
0 
4 
3 
4 
5 
4 
6 
3 
47 
0 
7 
5 
9 
4 
0 
3 
5 
0 
5 
0 
0 
5 
0 
4 
83 
3 
4 
163 
4 
0 
4 
0 
4 
16 
4 
4 
3 
24 
0 
3 
103 
3 
274 
56 
3 
5 
123 
0 
6 
919 
3 
0 
3 
0 
0 
3 
92 
3 
4 
103 
4 
4 
0 
6 
0 
4 
6 
5 
10457 
545 
386 
369 
3 
3 
3 
4 
6 
0 
3 
446 
4 
54 
2 
119 
3 
3 
4 
2 
3 
2 
4 
2 
5 
5 
0 
4 
487 
375 
9 
14 
11 
12 
6 
7 
6 
3 
4 
0 
4 
0 
6 
4 
3 
3 
0 
5 
5 
55 
6 
6 
6 
0 
0 
355 
4 
45 
0 
4 
447 
4 
4 
42 
0 
601 
5 
3 
0 
4 
0 
4 
5 
4 
3 
4 
0 
0 
5 
198 
3 
76 
2 
0 
5 
4 
27 
5 
7 
12 
6 
8 
16 
77 
0 
2 
4 
981 
3 
4 
4 
84 
0 
424 
3 
297 
0 
351 
2 
284 
5 
0 
0 
258 
3 
0 
38 
45 
0 
5 
0 
5 
0 
0 
4 
0 
4 
0 
233 
2 
0 
4 
5 
4 
4 
3 
4 
3 
7 
7 
7 
6 
6 
5 
45 
11 
53 
6 
5 
3 
0 
4 
3 
0 
5 
0 
6 
7 
0 
0 
6 
7 
140 
5 
5 
3 
4 
3 
4 
6 
6 
3 
4 
4 
4 
50 
4 
4 
3 
4 
6 
34 
3 
3 
6 
4 
3 
3 
4 
4 
3 
4 
3 
4 
0 
4 
3 
0 
3 
0 
0 
3 
0 
4 
4 
0 
2 
4 
3 
4 
3 
7 
6 
7 
7 
6 
4 
3 
4 
4 
4 
7 
148 
0 
276 
3 
4 
61 
7 
3 
14 
27 
3 
4 
5 
125 
4 
6 
0 
7 
87 
4 
3 
3 
6 
4 
3 
0 
3 
5 
4 
4 
4 
3 
0 
5 
4 
111 
5 
26 
235 
6 
7 
8 
1023 
9 
172 
174 
6 
106 
648 
523 
1032 
57 
174 
0 
3 
64 
265 
4 
14 
280 
4 
50 
91 
3 
5 
4 
3 
5845 
4 
7443 
59 
1011 
427 
814 
