14496 
3 
262 
6 
9 
3 
0 
5 
3 
3 
5 
5 
3 
4 
7 
5 
7 
5 
4 
5 
4 
5 
5 
8 
5 
7 
7 
6 
6 
7 
375 
4123 
6 
7 
5 
0 
3 
3 
0 
4 
0 
5 
0 
3 
0 
4 
0 
3 
0 
5 
0 
0 
5 
43 
13 
90 
0 
40 
5 
3 
4 
4 
5 
0 
654 
3 
7 
8 
6 
8 
6 
0 
0 
339 
4 
3 
4 
6 
4 
320 
25 
3 
3 
3 
5 
3 
6 
82 
6 
5 
3 
0 
4 
0 
5 
4 
5 
4 
4 
44 
3 
603 
0 
4 
658 
0 
3 
0 
5 
8 
5 
4 
0 
3 
320 
4 
4 
6 
4 
4 
6 
3 
5 
0 
0 
4 
174 
5 
5 
5 
752 
2 
4 
3 
4 
5 
0 
5 
0 
153 
5 
4 
0 
364 
22 
7 
5 
0 
4 
0 
2 
0 
4 
8 
7 
6 
7 
4 
0 
4 
293 
3 
4 
6 
4 
0 
7 
0 
4 
204 
0 
4 
114 
3 
4 
4 
0 
5 
3 
6 
6 
5 
0 
4 
0 
212 
4 
0 
3 
0 
14 
66 
0 
0 
2 
0 
0 
0 
4 
0 
5 
0 
3 
0 
4 
0 
3 
3 
5 
0 
3 
4 
3 
0 
3 
6 
0 
4 
0 
3 
0 
0 
4 
3 
0 
8 
6 
0 
8 
0 
5 
0 
0 
6 
0 
6 
0 
6 
0 
3 
0 
4 
5 
5 
0 
4 
0 
0 
3 
0 
3 
4 
0 
5 
0 
3 
0 
3 
0 
4 
4 
4 
0 
0 
5 
839 
4 
3 
68 
4 
3 
3 
5 
5 
4 
4 
4 
5 
0 
5 
492 
3 
0 
5 
0 
24 
6 
3 
5566 
0 
4 
255 
3 
0 
75 
2805 
0 
6 
401 
3 
19 
18 
3 
5 
2 
5 
4 
3 
4 
4 
4 
5 
5 
4 
4 
6 
4 
4 
6 
4 
0 
0 
5 
0 
5 
240 
0 
0 
6 
74 
6 
10 
47 
4 
3 
5 
4 
0 
4 
3 
2 
3 
0 
7 
7 
3 
4 
5 
4 
5 
4 
4 
0 
6 
186 
0 
5 
30 
565 
3 
3 
5 
4 
3 
5 
7 
6 
3 
3 
4 
3 
5 
0 
63 
6 
6 
5 
0 
5 
0 
5 
4 
0 
5 
4 
5 
0 
270 
7 
0 
3 
4 
4 
5 
5 
3 
0 
3 
5 
7 
0 
3 
0 
2 
5 
4 
87 
48 
4 
6 
3 
5 
0 
221 
4 
4 
0 
0 
8 
242 
260 
3 
0 
210 
0 
605 
0 
5 
492 
0 
7 
282 
4 
3 
5 
7 
4 
3 
4 
0 
5 
0 
3 
0 
4 
0 
5 
3 
4 
0 
4 
0 
4 
18 
0 
4 
307 
4 
178 
5 
4 
3 
6 
6 
0 
182 
0 
7 
5 
6 
5 
3 
4 
0 
5 
4 
43 
0 
4 
3 
4 
4 
5 
4 
3 
2 
0 
4 
0 
4 
0 
5 
0 
6 
0 
3 
0 
3 
0 
3 
4 
0 
3 
165 
4 
18 
255 
4 
0 
4 
0 
3 
4 
6 
8 
7 
6 
10 
0 
4 
4 
0 
5 
52 
3 
4 
8 
124 
0 
2 
12631 
4240 
49 
4 
7 
6 
6 
7 
8 
5 
6 
7 
7 
0 
5 
0 
5 
4 
6 
6 
6 
6 
579 
5 
103 
5 
351 
6 
3547 
0 
3 
145 
5 
5 
4 
3 
3 
4 
0 
0 
382 
2 
4 
3 
5 
0 
4 
248 
0 
3 
5 
4 
5 
3 
4 
8 
6 
5 
8 
6 
0 
4 
68 
3 
4 
143 
5 
5 
4 
6 
0 
3 
0 
6 
10 
5 
4 
5 
4 
5 
4 
0 
4 
246 
0 
664 
2 
3 
4 
6 
0 
3 
0 
3 
0 
4 
0 
4 
4 
4 
2 
2 
3 
3 
4 
3 
4 
2 
3 
3 
0 
3 
5 
5 
5 
0 
5 
71 
0 
5 
5 
0 
3 
4 
3 
0 
0 
4 
0 
5 
82 
5 
7 
0 
8 
0 
7 
0 
5 
10 
3 
8 
0 
6 
7 
7 
5 
9 
5 
0 
7 
5 
425 
0 
377 
0 
6 
0 
4 
0 
4 
91 
4 
4 
4 
0 
0 
5 
4 
4 
5 
0 
4 
4 
6 
2 
5 
4 
0 
0 
5 
0 
0 
66 
59 
4 
4 
0 
4 
0 
5 
6 
52 
4 
0 
4 
5 
3 
0 
7 
0 
7 
7 
7 
0 
4 
0 
3 
3 
4 
5 
0 
2 
4 
6 
0 
4 
4 
4 
0 
5 
5 
0 
5 
5 
0 
5 
5 
7 
3 
4 
5 
0 
4 
6 
4 
0 
4 
3 
0 
0 
3 
0 
5 
0 
7 
0 
6 
0 
0 
8 
0 
7 
6 
0 
4 
3 
2 
4 
5 
7 
0 
2 
0 
4 
4 
5 
4 
0 
6 
0 
3 
4 
0 
0 
6 
355 
0 
5 
6 
197 
4 
5 
6 
5 
6 
3 
0 
3 
217 
7 
8 
3 
4 
3 
0 
0 
3 
8 
0 
7 
0 
4 
0 
3 
5 
0 
4 
0 
4 
0 
0 
5 
3 
4 
3 
5 
4 
5 
3 
0 
0 
3 
0 
3 
2 
0 
5 
0 
3 
5 
6 
7 
7 
5 
6 
7 
7 
5 
5 
0 
3 
103 
6 
4 
3 
0 
3 
5 
7 
4 
3 
4 
5 
4 
5 
5 
4 
3 
3 
5 
3 
6 
0 
3 
8225 
5174 
0 
550 
3 
3 
6 
5 
5 
0 
0 
3 
4 
3 
4 
3 
4 
3 
0 
6 
5 
4 
0 
4 
0 
4 
0 
3 
4 
0 
3 
7 
0 
0 
5 
241 
0 
6 
0 
0 
5 
489 
3 
0 
0 
5 
0 
3 
0 
3 
5 
3 
4 
3 
4 
4 
25 
3 
2 
5 
5 
3 
3 
3 
6 
0 
0 
3 
0 
4 
4 
6 
6 
4 
0 
3 
3 
0 
3 
126 
2 
0 
3 
0 
0 
3 
4 
0 
6 
0 
4 
3 
5 
0 
4 
4 
4 
0 
4 
125 
0 
4 
143 
0 
0 
3 
0 
0 
3 
0 
4 
0 
7 
155 
0 
24 
477 
4 
4 
7 
7 
25 
5 
197 
0 
3 
0 
47 
89 
120 
4 
4 
4 
5 
142 
4 
0 
6 
0 
2 
2 
5 
3 
0 
9 
0 
6 
4 
3 
0 
3 
0 
5 
4 
0 
4 
0 
4 
5 
4 
3 
4 
3 
5 
3 
2 
4 
22 
5 
4 
0 
3 
0 
4 
4 
4 
4 
0 
0 
4 
0 
3 
6 
6 
8 
5 
0 
5 
0 
4 
3 
4 
0 
4 
0 
0 
4 
3 
0 
4 
4 
5 
4 
3 
0 
0 
5 
5 
5 
4 
0 
4 
157 
0 
5 
81 
0 
4 
0 
5 
3 
0 
5 
0 
3 
0 
4 
0 
0 
6 
91 
0 
6 
0 
0 
4 
5 
3 
4 
0 
5 
4 
0 
3 
4 
2 
0 
5 
0 
7 
5 
0 
4 
0 
3 
5 
5 
4 
3 
4 
4 
0 
6 
5 
0 
2 
0 
3 
0 
5 
0 
0 
4 
4 
0 
0 
3 
0 
4 
0 
4 
5 
4 
4 
3 
6 
7 
6 
0 
5 
146 
5 
5 
0 
6 
0 
6 
8 
0 
5 
0 
2 
4 
0 
5 
6 
0 
0 
4 
5 
0 
3 
2 
4 
0 
5 
2 
0 
5 
5 
9 
0 
3 
0 
2 
3 
4 
5 
0 
3 
3 
3 
4 
3 
4 
3 
5 
3 
5 
3 
5 
0 
4 
4 
5 
0 
0 
6 
0 
5 
3 
3 
5 
0 
0 
5 
3 
2 
4 
6 
5 
0 
0 
17 
3 
4 
4 
3 
4 
2 
4 
4 
5 
3 
4 
5 
6 
4 
