5059 
211 
13312 
Game Start 
4622 
0 
2 
18 
2 
62 
0 
3 
0 
50 
55 
0 
0 
0 
5 
3 
4 
0 
0 
0 
0 
4 
35 
43 
41 
4 
0 
0 
5 
26 
40 
50 
4 
0 
0 
0 
3 
0 
2 
45 
5 
0 
4 
0 
27 
0 
21 
0 
3 
0 
411 
59 
0 
43 
4 
0 
0 
0 
3 
0 
0 
0 
3 
0 
0 
5 
0 
7 
6 
0 
0 
0 
0 
7 
0 
7 
0 
0 
0 
5 
0 
0 
0 
4 
0 
7 
0 
0 
6 
0 
0 
3 
0 
4 
0 
3 
0 
0 
0 
4 
4 
0 
0 
0 
3 
0 
0 
4 
0 
4 
0 
0 
0 
4 
0 
162 
2 
3 
0 
0 
6 
5 
0 
4 
6 
28 
0 
0 
0 
0 
6 
0 
0 
5 
0 
4 
0 
34 
30 
5 
0 
0 
6 
4 
0 
5 
0 
0 
5 
5 
0 
4 
0 
5 
5 
0 
0 
0 
4 
0 
0 
66 
5 
0 
75 
0 
0 
7 
0 
17 
4 
0 
0 
42 
0 
3 
0 
0 
0 
5 
4 
0 
0 
0 
45 
0 
3 
0 
42 
0 
0 
0 
2 
0 
0 
5 
4327 
2 
4543 
8 
6 
5 
4 
3 
5 
0 
0 
7 
0 
4 
0 
0 
0 
0 
6 
4 
0 
0 
0 
5 
0 
0 
0 
0 
7 
0 
0 
4 
3 
0 
0 
5 
0 
7 
8 
5 
4 
0 
0 
4 
0 
5 
0 
4 
4 
4 
0 
5 
0 
6 
0 
4 
0 
0 
0 
0 
5 
0 
66 
62 
4 
0 
5 
0 
0 
4 
0 
0 
5 
0 
0 
0 
5 
0 
0 
0 
5 
0 
0 
6 
0 
25 
4 
0 
0 
0 
0 
4 
0 
0 
0 
5 
0 
0 
8 
6 
7 
0 
4 
0 
4 
0 
4 
0 
7 
6 
5 
0 
6 
4 
3 
0 
4 
0 
5 
0 
6 
5 
0 
4 
0 
0 
0 
0 
4 
4 
0 
0 
0 
0 
8 
5 
3 
4 
0 
0 
4 
19 
0 
4 
0 
0 
0 
0 
4 
0 
0 
0 
0 
37 
0 
3 
15 
0 
3177 
0 
4 
0 
0 
558 
2 
7 
1396 
3 
3616 
387 
718 
1027 
315 
371 
360 
1338 
1594 
342 
4 
2 
0 
4 
4 
0 
0 
0 
0 
6 
0 
0 
5 
4 
0 
3 
0 
0 
0 
7 
5 
0 
0 
39 
0 
3 
0 
56 
4 
5 
0 
0 
0 
5 
0 
0 
8 
5 
0 
0 
6 
0 
0 
0 
5 
5 
0 
0 
0 
5 
0 
0 
0 
3 
0 
5 
32 
4 
5 
4 
3 
5 
0 
3 
0 
3 
0 
0 
0 
3 
0 
0 
5 
0 
0 
4 
0 
3 
0 
29 
3 
0 
0 
0 
7 
0 
0 
5 
0 
4 
0 
0 
0 
0 
56 
0 
0 
0 
0 
4 
0 
0 
0 
5 
4 
0 
0 
0 
7 
0 
5 
0 
0 
0 
3 
0 
0 
0 
2 
0 
0 
0 
5 
0 
0 
7 
0 
8 
0 
0 
6 
7 
0 
0 
0 
7 
0 
0 
4 
0 
0 
0 
8209 
4 
3 
7 
5 
4 
820 
0 
4 
5 
13 
4 
0 
0 
3 
14 
4 
0 
4 
5 
0 
5 
0 
3 
6 
5 
4 
4 
3 
4 
3 
0 
3 
0 
4 
0 
4 
5 
4 
0 
0 
5 
0 
0 
5 
28 
0 
0 
15 
3 
0 
0 
0 
11 
0 
0 
0 
7 
0 
0 
0 
0 
0 
6 
12 
5 
0 
7 
0 
0 
0 
5 
0 
0 
0 
0 
4 
0 
0 
6 
0 
128 
3 
0 
0 
4 
0 
0 
4 
0 
0 
0 
3 
0 
0 
31 
0 
0 
0 
3 
0 
0 
7 
0 
0 
0 
3 
0 
0 
0 
4 
5 
0 
0 
3 
0 
0 
0 
5 
0 
0 
0 
0 
4 
0 
0 
0 
3 
0 
0 
6 
0 
5 
0 
0 
4 
0 
4 
0 
5 
0 
5 
0 
3 
3 
22 
5 
0 
7 
0 
8 
0 
4 
0 
7 
4 
0 
3 
3 
0 
6 
6 
7 
0 
5 
0 
0 
390 
5 
3 
262 
5 
7 
0 
0 
4 
3 
0 
5 
0 
5 
5 
6 
4 
0 
2715 
4 
11078 
