4 
33 
3168 
3487 
4 
3 
3 
2 
0 
3 
3 
3 
4 
0 
5 
0 
5 
0 
8 
5 
0 
7 
0 
6 
0 
5 
0 
6 
0 
4 
3 
163 
4 
4 
3 
4 
4 
4 
3 
0 
3 
0 
5 
0 
5 
5 
572 
3 
100 
5 
0 
23 
4 
0 
5 
5 
0 
4 
83 
3 
118 
0 
5 
4 
3 
4 
4 
5 
5 
4 
3 
0 
4 
4 
5 
4 
0 
3 
2 
0 
78 
5 
0 
5 
0 
5 
3 
4 
0 
4 
0 
5 
0 
5 
0 
0 
4 
0 
4 
4 
240 
0 
3 
0 
6 
0 
7 
0 
7 
0 
4 
0 
4 
0 
4 
0 
3 
3 
5 
0 
4 
307 
5 
3 
3 
0 
4 
6 
5 
4 
4 
5 
0 
3 
0 
3 
0 
4 
0 
3 
4 
3 
5 
7 
2646 
3 
3 
3549 
4 
372 
4 
613 
5 
5 
4 
3 
4 
4 
5 
0 
3 
3 
0 
4 
53 
4 
2 
3 
3 
0 
8 
323 
7 
6 
6 
80 
279 
3 
3 
4 
5 
6 
5 
4 
3 
3 
3 
7 
0 
8 
0 
8 
0 
6 
0 
158 
24 
5 
5 
6 
3 
3 
0 
5 
0 
4 
0 
5 
0 
3 
4 
5 
0 
3 
0 
5 
5 
5 
4 
0 
4 
4 
4 
4 
5 
0 
4 
5 
5 
4 
0 
4 
0 
3 
3 
95 
3 
4 
0 
3 
3 
6 
5 
2157 
476 
4 
4 
5 
4 
4 
4 
3 
0 
4 
3 
0 
5 
0 
4 
0 
6 
0 
5 
8 
5 
5 
4 
4 
17 
11 
4 
0 
6 
0 
6 
0 
4 
0 
3 
0 
4 
0 
3 
0 
3 
3 
5 
6 
4 
0 
5 
0 
3 
0 
5 
4 
5 
4 
4 
6 
5 
4 
3 
0 
4 
0 
6 
4 
3 
5 
4 
5 
3 
5 
2 
4 
3 
3 
4 
3 
7 
6 
7 
5 
4 
4 
3 
4 
0 
6 
0 
3 
0 
4 
0 
6 
6 
3 
0 
4 
5 
4 
5 
0 
6 
0 
5 
6 
5 
4 
2 
3 
4 
58 
4 
4 
0 
5 
0 
4 
0 
4 
0 
5 
6 
4 
4 
4 
12375 
6 
5154 
1063 
4101 
4 
4 
0 
4 
0 
5 
0 
0 
2 
4 
4 
4 
3 
3 
3 
0 
3 
0 
4 
0 
5 
0 
4 
0 
3 
4 
4 
6 
0 
4 
0 
0 
4 
0 
4 
3 
6 
4 
4 
3 
2 
5 
0 
5 
3 
0 
4 
5 
0 
3 
0 
4 
5 
0 
5 
0 
4 
0 
5 
0 
7 
0 
7 
0 
5 
3 
2 
3 
0 
3 
2 
3 
0 
5 
0 
3 
0 
5 
4 
4 
3 
85 
5 
4 
3 
34 
3 
4 
0 
4 
5 
4 
4 
5 
3 
0 
4 
3 
4 
3 
4 
0 
4 
0 
3 
2 
0 
4 
0 
4 
0 
3 
0 
5 
0 
2 
3 
4 
0 
3 
0 
3 
0 
5 
0 
4 
3 
4 
5 
4 
3 
3 
4 
5 
4 
3 
4 
0 
3 
0 
3 
0 
8 
0 
7 
7 
4 
2 
2 
0 
4 
4 
2 
0 
3 
0 
3 
0 
3 
0 
4 
0 
0 
4 
0 
3 
0 
3 
3 
0 
5 
0 
3 
4 
3 
4 
4 
3 
5 
7 
6 
59 
6 
5 
4 
3 
0 
4 
0 
3 
3 
0 
3 
0 
6 
6 
4 
4 
4 
4 
5 
3 
5 
0 
3 
3 
4 
3 
5 
4 
4 
4 
5 
4 
8 
6 
4 
5 
4 
4 
3 
0 
7 
6 
5 
3 
4 
4 
0 
4 
5 
4 
3 
9574 
4 
5 
3 
4 
4 
4 
2382 
6 
3 
4 
341 
3 
4 
3 
97 
4 
6 
5 
3 
0 
3 
0 
0 
4 
6 
0 
4 
3 
3 
6 
4 
4 
5 
3 
2 
0 
5 
0 
3 
0 
4 
0 
4 
0 
2 
0 
4 
0 
3 
0 
5 
0 
5 
0 
3 
0 
6 
0 
6 
0 
8 
0 
5 
0 
5 
5 
4 
3 
7 
3 
0 
150 
0 
5 
3 
0 
5 
4 
5 
0 
3 
0 
4 
0 
4 
0 
3 
4 
4 
3 
4 
4 
0 
5 
4 
0 
5 
5 
0 
4 
4 
2 
4 
7 
8 
0 
7 
0 
5 
0 
7 
4 
4 
4 
4 
0 
2 
0 
6 
0 
7 
4 
5 
0 
5 
0 
5 
4 
0 
5 
3 
0 
4 
4 
3 
0 
3 
0 
4 
0 
5 
3 
0 
3 
0 
5 
7 
420 
15 
4 
12 
914 
