4751 
344 
92 
156 
1096 
3515 
3 
3 
0 
484 
2 
2 
2 
3 
525 
3 
0 
143 
4 
0 
0 
4 
0 
5 
0 
157 
260 
3 
3 
0 
0 
5 
518 
4 
3 
53 
156 
4 
4 
76 
224 
4 
7 
0 
256 
345 
5 
3 
4 
4 
0 
5 
0 
4 
0 
0 
4 
0 
3 
0 
0 
4 
0 
4 
2 
5 
3 
0 
0 
0 
394 
2 
0 
6 
0 
6 
212 
267 
99 
2 
0 
0 
6 
63 
5 
5 
5 
3 
4 
0 
25 
69 
0 
3 
0 
3 
4 
0 
328 
3 
0 
0 
3 
0 
4 
6 
7 
0 
5 
6 
6 
48 
4 
3 
6 
0 
0 
3 
2 
4 
4 
0 
0 
7 
85 
0 
3 
0 
0 
5 
0 
3 
3 
476 
5 
4 
3 
3 
0 
0 
5 
4 
3 
0 
0 
0 
5 
0 
0 
4 
0 
207 
5 
4 
3 
6 
6 
4 
4 
0 
3 
0 
4 
4 
245 
6 
0 
4 
184 
29 
33 
3 
5 
0 
64 
4 
149 
128 
3 
0 
4 
4055 
1184 
230 
2 
0 
5 
0 
0 
195 
6 
0 
4 
11 
0 
1530 
22 
19 
0 
4 
0 
4 
5 
208 
276 
263 
3 
98 
549 
5 
4 
3 
0 
276 
3 
0 
317 
3 
4 
3 
5 
0 
179 
333 
4 
0 
0 
364 
2 
0 
5 
0 
8 
0 
3 
0 
3 
0 
4 
0 
737 
0 
340 
184 
2 
0 
5 
0 
4 
0 
0 
3 
0 
4 
0 
64 
7 
0 
282 
5 
0 
0 
3 
6 
0 
5 
0 
4 
0 
2 
0 
3 
0 
4 
0 
4 
0 
0 
4 
0 
4 
4 
0 
0 
6 
4 
0 
4 
28 
2 
262 
120 
0 
4 
0 
6 
10 
0 
5 
0 
23 
0 
4 
0 
0 
3 
0 
5 
3 
4 
5 
4 
31 
4 
4 
0 
5 
4 
0 
4 
0 
4 
0 
4 
0 
187 
4 
0 
102 
118 
0 
4 
0 
3 
0 
3 
4 
6 
165 
3 
0 
105 
5 
0 
3 
5 
0 
4 
8 
0 
40 
8 
23 
0 
2 
0 
3 
0 
0 
655 
2 
5 
0 
0 
6 
4 
3 
5 
4 
5 
4 
3 
5 
0 
95 
13782 
1613 
4 
491 
5 
303 
3723 
3 
4 
217 
232 
291 
3 
0 
734 
3 
4 
0 
5 
3 
5 
49 
0 
0 
5 
0 
5 
0 
6 
3 
0 
4 
0 
0 
5 
0 
4 
0 
61 
382 
6 
0 
0 
4 
2 
4 
0 
7 
0 
4 
0 
35 
3 
0 
5 
4 
5 
0 
0 
73 
4 
4 
0 
250 
0 
215 
218 
4 
3 
5 
310 
5 
184 
4 
4 
0 
0 
4 
0 
138 
303 
2 
0 
0 
2 
0 
5 
39 
64 
0 
4 
0 
16 
3 
5 
3 
0 
5 
0 
4 
0 
4 
0 
5 
0 
0 
3 
14 
3 
15 
0 
3 
5 
4 
3 
0 
4 
0 
0 
2 
3 
5 
0 
5 
253 
271 
4 
0 
8 
0 
8 
0 
60 
5 
7 
0 
0 
8 
212 
3 
4 
0 
3 
23 
251 
4 
3 
0 
0 
180 
383 
5 
3 
4 
4 
47 
4 
0 
3 
0 
255 
3 
125 
0 
5 
1798 
48 
5179 
5 
1900 
25 
2 
0 
4 
0 
0 
0 
6 
5 
0 
4 
0 
0 
5 
0 
3 
0 
5 
0 
4 
0 
2 
0 
5 
0 
2 
0 
4 
0 
4 
367 
5 
4 
5 
5 
4 
5 
0 
105 
271 
4 
0 
3 
8 
199 
311 
82 
131 
0 
4 
0 
0 
46 
3 
5 
4 
0 
4 
3 
4 
6 
5 
7 
166 
0 
3 
0 
0 
35 
2 
3 
3 
3 
2 
52 
6 
3 
55 
2 
0 
5 
3 
0 
0 
4 
0 
31 
4 
3 
4 
4 
0 
4 
0 
0 
4 
0 
0 
5 
5 
5 
0 
303 
5 
5 
4 
4 
3 
0 
213 
0 
2 
0 
0 
97 
0 
4 
0 
4 
4 
0 
3 
0 
5 
0 
6 
0 
4 
0 
0 
0 
4 
0 
4 
3 
4 
0 
5 
0 
4 
0 
0 
60 
3 
0 
0 
3 
5 
0 
3 
250 
3 
4 
0 
0 
4 
0 
9 
256 
0 
8 
0 
0 
21 
0 
0 
0 
7 
516 
5 
3 
0 
265 
3 
78 
2 
0 
222 
167 
0 
4 
0 
0 
0 
4 
0 
4 
0 
3 
0 
3 
0 
68 
0 
3 
0 
4 
0 
0 
0 
5 
0 
4 
0 
4 
3 
0 
2 
0 
1023 
7 
7 
6 
3 
316 
3 
234 
3 
0 
0 
3 
