2183 
3 
1629 
3 
0 
2 
292 
3 
887 
0 
0 
11901 
2 
0 
0 
3 
4 
5 
0 
0 
3 
0 
4 
4 
111 
0 
0 
182 
0 
4 
4 
34 
278 
7 
0 
0 
40 
3 
3 
467 
86 
4 
0 
287 
0 
4 
0 
0 
3 
285 
4 
5 
69 
39 
2 
0 
6 
0 
0 
2 
0 
0 
6 
5 
160 
0 
124 
0 
7 
0 
0 
4 
304 
0 
657 
5 
6 
4 
0 
4 
26 
3 
0 
4 
3 
3 
2 
0 
5 
4 
0 
0 
4 
4 
0 
368 
5 
0 
4 
0 
3 
0 
0 
4 
25 
0 
0 
7 
56 
6 
0 
0 
3 
0 
0 
44 
4 
95 
0 
4 
140 
273 
7 
42 
3 
5 
0 
4 
0 
6 
4 
0 
62 
70 
3 
4 
0 
4 
0 
4 
133 
338 
22 
3 
4 
3 
7 
0 
0 
0 
6 
4 
0 
3 
0 
0 
2156 
1164 
1924 
4 
2403 
13 
3 
0 
0 
109 
5 
0 
0 
3 
0 
5 
0 
6 
0 
0 
3 
0 
107 
5 
0 
546 
517 
3 
0 
3 
0 
0 
4 
0 
4 
0 
160 
22 
5 
6 
4 
4 
4 
25 
0 
2 
4 
240 
3 
0 
0 
4 
513 
2 
2 
0 
34 
4 
0 
3 
0 
0 
121 
280 
109 
0 
15 
0 
2 
0 
4 
0 
4 
4 
0 
0 
3 
0 
4 
0 
4 
4 
0 
9 
6 
0 
4 
0 
5 
8 
0 
11 
4 
5 
0 
0 
3 
137 
5 
0 
0 
5 
4 
4 
0 
0 
4 
0 
125 
0 
2 
0 
197 
4 
3 
4 
7 
0 
0 
3 
0 
0 
22 
912 
49 
4 
4 
2 
2 
0 
287 
0 
3 
3 
4 
110 
4 
0 
5 
0 
5 
3 
4 
458 
3 
230 
0 
203 
3 
0 
0 
4 
3 
3 
5 
0 
5 
0 
4 
4 
0 
3 
0 
5 
0 
0 
3 
0 
3 
3 
150 
272 
67 
4 
0 
5 
65 
144 
155 
14 
3 
0 
7 
7 
8 
6 
0 
0 
5 
383 
9 
3 
0 
0 
5 
3 
3 
5 
5 
6 
4 
3 
0 
0 
5 
0 
5 
0 
6 
2 
0 
3 
0 
4 
0 
4 
5 
0 
0 
3 
3 
0 
4 
0 
3 
4 
4 
15 
0 
0 
4 
0 
5 
6559 
1058 
72 
235 
1629 
1869 
922 
1273 
420 
413 
409 
282 
205 
358 
3400 
4 
3 
4 
3 
0 
0 
3 
5 
3 
4 
0 
3 
4 
0 
4 
0 
3 
4 
5 
150 
5 
85 
3 
0 
10 
283 
46 
4 
0 
5 
3 
11 
6 
4 
3 
0 
5 
4 
0 
0 
3 
3 
0 
3 
0 
3 
0 
4 
0 
3 
0 
4 
0 
4 
0 
4 
0 
3 
340 
4 
0 
4 
3 
227 
162 
0 
4 
250 
7 
0 
0 
7 
7 
301 
11 
24 
5 
3 
4 
4 
5 
5 
5 
24 
0 
6 
173 
4 
2 
0 
3 
0 
3 
4 
4 
0 
319 
4 
5 
3 
4 
0 
3 
0 
0 
3 
0 
0 
7 
6 
73 
15 
0 
0 
5 
6 
143 
226 
2 
6 
0 
158 
3 
2 
0 
5 
4 
0 
0 
5 
163 
2 
4 
32 
3 
0 
18 
4 
3 
96 
298 
2 
4 
3 
171 
61 
6 
7 
5 
0 
5 
8 
6 
7 
92 
97 
4 
0 
4 
0 
4 
4 
3 
0 
4 
0 
7 
0 
258 
5 
0 
3 
0 
475 
0 
7 
4 
3 
3 
0 
4 
0 
3 
3 
0 
5 
0 
3 
23 
0 
4 
0 
0 
240 
0 
0 
2 
3 
0 
5 
0 
6 
6 
81 
4 
60 
0 
5 
0 
6 
0 
0 
4 
0 
4 
4 
8 
0 
5 
229 
672 
34 
0 
0 
0 
6 
0 
6 
0 
0 
6 
6 
7 
8 
0 
0 
3 
3635 
3240 
81 
651 
5 
5 
0 
84 
53 
4 
0 
5 
0 
4 
0 
0 
3 
56 
4 
3 
3 
4 
4 
0 
4 
0 
3 
0 
5 
0 
5 
3 
140 
4 
0 
0 
6 
3 
2 
0 
0 
84 
280 
175 
0 
5 
91 
5 
0 
2 
0 
5 
32 
2 
2 
0 
3 
0 
3 
0 
0 
186 
21 
20 
15 
3 
4 
0 
5 
5 
0 
3 
0 
0 
80 
3 
0 
4 
0 
0 
424 
0 
0 
4 
0 
3 
4 
6 
4 
4 
0 
2 
4 
5 
6 
3 
0 
2 
0 
400 
0 
0 
94 
0 
0 
4 
273 
4 
5 
4 
4 
5 
0 
4 
39 
0 
3 
55 
197 
5 
7 
0 
125 
5 
28 
104 
0 
123 
4 
0 
0 
50 
628 
3 
4 
0 
0 
5 
137 
0 
5 
4 
2 
4 
0 
4 
46 
0 
4 
0 
5 
3 
11 
432 
4 
19 
0 
5 
3 
42 
0 
350 
284 
240 
0 
18 
360 
0 
5 
8 
4018 
4664 
6 
424 
141 
3426 
1368 
833 
