6972 
0 
773 
4 
0 
66 
3 
0 
5695 
1041 
3 
207 
134 
535 
1293 
4 
228 
5 
260 
3 
3 
4 
71 
4 
3 
6 
5 
4 
87 
4 
3 
0 
0 
0 
4 
0 
4 
0 
4 
4 
3 
3 
3 
4 
4 
5 
8 
0 
6 
7 
6 
7 
8 
7 
5 
5 
3 
0 
3 
0 
5 
4 
3 
3 
5 
3 
6 
4 
3 
0 
0 
6 
305 
5 
3 
3 
5 
4 
0 
0 
0 
5 
4 
2 
3 
4 
4 
0 
4 
5 
0 
4 
0 
4 
0 
3 
3 
0 
0 
4 
4 
0 
3 
0 
6 
0 
3 
33 
5 
0 
6 
6 
3 
3 
3 
3 
0 
7 
5 
4 
0 
0 
0 
0 
3 
2 
0 
5 
0 
3 
2 
4 
4 
2 
6 
0 
0 
4 
0 
3 
0 
4 
3 
4 
5 
4 
0 
5 
0 
4 
3 
4 
5 
7 
8 
7 
6 
0 
4 
0 
4 
4 
2 
5 
3 
2 
3 
0 
4 
4 
3 
2 
5 
4 
0 
371 
3 
4 
5 
4 
4 
0 
0 
4 
237 
0 
6 
0 
0 
4 
4 
0 
4 
4 
4 
3 
3 
3 
4 
5 
43 
5 
0 
0 
3 
3 
3 
4 
4 
3 
3 
3 
5 
5 
5 
0 
0 
67 
4 
4 
3 
3 
4 
0 
0 
525 
0 
0 
0 
4 
3 
3 
0 
5 
5 
4 
4 
4 
3 
4 
6 
0 
0 
0 
2 
5 
4 
5 
5 
4 
4 
5 
4 
4 
5 
5 
4 
4 
4 
4 
4 
0 
4 
4 
3 
5 
3 
3 
3 
3 
4 
3 
2 
3 
0 
4 
0 
0 
5 
490 
4 
0 
0 
692 
2 
0 
4 
483 
4 
4 
3 
4 
0 
5 
3037 
4 
0 
3 
143 
3 
5 
0 
128 
4 
5 
88 
3 
0 
1131 
5 
164 
4 
36 
3 
72 
5 
4 
4 
4 
53 
6 
0 
6 
0 
0 
3 
4 
3 
4 
7 
5 
3 
3 
4 
3 
6 
7 
0 
0 
0 
5 
3 
3 
0 
5 
3 
3 
3 
3 
4 
0 
2 
3 
3 
4 
2 
3 
3 
0 
2 
5 
3 
0 
4 
269 
3 
3 
0 
3 
5 
5 
6 
0 
4 
4 
5 
4 
0 
0 
0 
4 
7 
0 
5 
0 
4 
4 
5 
4 
7 
6 
7 
4 
4 
4 
4 
7 
3 
5 
5 
3 
3 
2 
0 
3 
3 
4 
5 
0 
4 
0 
0 
3 
0 
3 
3 
4 
3 
187 
6 
6 
3 
4 
4 
4 
7 
6 
4 
4 
3 
2 
5 
4 
3 
32 
24 
28 
3 
5 
0 
4 
4 
4 
123 
2 
3 
7 
0 
0 
3 
0 
3 
0 
3 
5 
2 
2 
2 
3 
3 
5 
3 
0 
0 
44 
4 
3 
5 
0 
0 
287 
3 
2 
4 
7 
5 
0 
3 
4 
4 
3 
4 
4 
5 
4 
0 
3 
341 
2 
0 
0 
4 
0 
4 
0 
0 
5 
0 
4 
4 
3 
4 
3 
7 
0 
3 
3 
3 
5 
6 
8 
6 
8 
6 
0 
4 
122 
3 
4 
3 
5 
0 
3 
0 
4 
0 
3 
0 
181 
8 
5 
0 
0 
0 
3 
0 
5 
0 
4 
0 
4 
5 
4 
4 
4 
0 
3 
316 
4 
0 
5 
0 
4 
0 
8 
0 
7 
6 
7 
5 
0 
7 
6 
4 
4 
3 
5 
0 
5 
7 
0 
6 
4 
4 
3 
3 
3 
0 
6 
2339 
6 
5 
4 
0 
4 
121 
769 
4431 
7 
2 
80 
6 
0 
2 
0 
5 
7 
8 
2 
2 
2 
3 
0 
2 
0 
3 
0 
170 
2 
0 
3 
5 
6 
3 
4 
4 
146 
2 
0 
4 
0 
0 
4 
527 
0 
3 
0 
0 
3 
2 
5 
4 
2 
0 
3 
0 
0 
4 
334 
0 
3 
197 
0 
295 
4 
4 
0 
0 
259 
4 
3 
4 
4 
0 
655 
3 
0 
2 
4 
4 
3 
4 
4 
4 
5 
3 
3 
4 
5 
5 
3 
3 
3 
0 
6 
4 
0 
3 
3 
4 
0 
97 
0 
0 
4 
5 
3 
4 
3 
15 
5 
0 
3 
0 
78 
0 
0 
4 
5 
3 
3 
4 
30 
4 
0 
6 
0 
0 
286 
4 
4 
3 
2 
0 
0 
7 
5 
493 
0 
7 
0 
10 
589 
4 
0 
0 
2 
6 
57 
3 
5 
4 
4 
4 
5 
4 
5 
0 
4 
0 
2568 
3 
2 
5 
0 
4 
3 
5 
4 
10217 
5149 
1002 
82 
2591 
609 
1274 
4 
4 
210 
3 
4 
3 
4 
4 
5 
4 
5 
84 
3 
0 
0 
5 
5 
3 
4 
4 
3 
7 
4 
4 
5 
4 
3 
6 
7 
4 
2 
3 
3 
0 
3 
279 
7 
7 
7 
7 
0 
0 
5 
4 
2 
2 
4 
2 
3 
0 
4 
6 
7 
7 
7 
5 
4 
4 
3 
3 
4 
0 
107 
3 
3 
3 
4 
6 
0 
404 
4 
3 
0 
4 
0 
4 
4 
4 
0 
3 
4 
0 
3 
0 
4 
2 
5 
3 
3 
140 
6 
4 
4 
0 
4 
0 
0 
3 
0 
0 
6 
8 
3 
0 
4 
3 
0 
4 
5 
3 
0 
5 
3 
0 
0 
388 
4 
3 
5 
5 
0 
2 
4 
3 
5 
4 
0 
3 
0 
0 
4 
4 
4 
0 
0 
0 
5 
0 
4 
4 
7 
0 
2 
0 
6 
6 
0 
6 
6 
6 
0 
42 
4 
0 
0 
0 
4 
4 
5 
3 
3 
3 
3 
3 
3 
4 
3 
4 
2 
0 
3 
4 
290 
3 
4 
0 
0 
0 
0 
3 
0 
5 
4 
0 
4 
0 
0 
5 
3 
4 
4 
3 
5 
0 
0 
7 
5 
6 
3 
3 
0 
0 
0 
0 
5 
0 
5 
0 
4 
0 
0 
4 
4 
3 
3 
4 
4 
5 
0 
3 
5 
4 
3 
5 
4 
3 
0 
4 
0 
4 
0 
5 
0 
3 
0 
341 
3 
0 
4 
3 
3 
4 
6 
0 
5 
0 
5 
3 
3 
5 
4 
4 
5 
4 
3 
0 
4 
4 
5 
2 
4 
4 
4 
0 
4 
188 
2 
0 
5 
3 
3 
4 
3 
3578 
4 
12 
4 
5 
20 
5 
33 
4 
41 
4 
1844 
5 
5 
7 
4 
4 
3 
5 
4 
4 
5 
5 
0 
0 
72 
4 
5 
0 
3 
0 
0 
0 
4 
0 
3 
6 
5 
4 
3 
0 
3 
0 
4 
3 
5 
4 
4 
3 
4 
6 
5 
6 
7 
0 
4 
0 
0 
5 
4 
0 
6 
0 
0 
4 
3 
5 
4 
5 
3 
4 
0 
3 
4 
0 
4 
0 
2 
3 
0 
5 
3 
79 
4 
0 
0 
0 
4 
5 
3 
4 
4 
3 
5 
0 
0 
0 
3 
240 
7 
0 
0 
4 
4 
4 
5 
4 
4 
39 
4 
4 
3 
4 
5 
4 
4 
3 
0 
4 
500 
0 
0 
0 
3 
0 
6 
0 
4 
4 
4 
0 
4 
163 
0 
0 
4 
4 
4 
4 
4 
7 
189 
7 
5 
7 
7 
0 
6 
7 
6 
3 
3 
4 
5 
26 
5 
4 
5 
4 
4 
0 
3 
4 
6 
5 
0 
4 
0 
4 
0 
5 
4 
0 
6 
3 
4 
4 
4 
122 
5 
5 
3 
4 
3 
5 
5 
8 
7 
7 
6 
4 
5 
4 
4 
5 
5 
7 
4 
3 
10 
4 
3 
3 
5 
4 
7 
7 
6 
6 
0 
3 
2 
4 
5 
6 
7 
6 
