3994 
559 
18199 
788 
652 
191 
75 
2 
2 
343 
3 
1217 
3 
Game Start 
Game Start 
1622 
3 
4 
26 
3 
3 
0 
46 
3 
0 
82 
0 
20 
5 
10 
4 
7 
4 
67 
4 
3 
594 
2 
5 
4 
176 
5 
43 
54 
0 
243 
0 
1318 
4 
4 
4 
2 
4 
3 
0 
0 
420 
3 
0 
4 
505 
106 
188 
7 
6 
143 
6 
0 
5 
3 
0 
5 
160 
0 
0 
3 
130 
4 
42 
130 
47 
0 
315 
2 
295 
0 
0 
1710 
0 
0 
1351 
3 
4 
0 
5 
5 
5 
166 
0 
1779 
0 
646 
0 
854 
0 
4 
1137 
0 
0 
337 
12 
16 
23 
31 
303 
191 
692 
158 
1767 
2 
3 
4 
4 
3 
4 
173 
8 
6 
4 
32 
3 
4 
7 
7 
7 
107 
6 
6 
4 
3 
61 
4 
4 
4 
25 
0 
0 
143 
0 
521 
3 
0 
241 
3 
625 
3 
3 
285 
0 
5 
5 
115 
0 
6 
0 
5 
0 
1120 
0 
0 
0 
234 
0 
0 
368 
4 
4 
495 
3 
6 
241 
5 
4 
4 
84 
0 
2 
4 
4 
888 
4 
353 
4 
406 
2 
898 
0 
591 
0 
760 
3 
595 
20 
103 
32 
4 
3 
4 
3 
4 
3 
354 
0 
0 
1147 
5 
264 
0 
382 
0 
480 
0 
377 
2 
811 
3 
0 
208 
0 
328 
3 
592 
0 
537 
4 
3 
2 
3 
4 
4 
4 
238 
3 
3 
4 
4 
6 
5 
5 
20 
5 
547 
6 
5 
2 
3 
2 
6 
40 
4 
491 
0 
0 
331 
192 
4 
70 
5 
0 
4 
39 
75 
0 
4 
4 
0 
5 
31 
4 
6 
0 
5 
176 
3 
0 
24 
18 
3 
3 
349 
3 
2705 
4627 
3 
3 
3 
6 
227 
3 
4 
4 
3 
4 
3 
4 
4 
0 
119 
0 
5 
21 
16 
66 
53 
0 
5 
0 
6 
0 
3 
0 
0 
4 
120 
0 
0 
5 
72 
0 
6 
0 
28 
41 
14 
0 
4 
86 
144 
3 
0 
6 
151 
0 
337 
20 
229 
41 
52 
4 
3 
0 
4 
0 
6 
4 
4 
131 
3 
4 
38 
6 
3 
3 
4 
6 
4 
6 
6 
6 
0 
6 
7 
7 
144 
0 
289 
3 
268 
0 
388 
0 
399 
0 
0 
4 
3 
0 
4 
194 
3 
0 
117 
69 
5 
149 
5 
3 
4 
0 
5 
6 
141 
15 
0 
498 
0 
7 
164 
0 
155 
0 
3 
3 
2 
4 
3 
0 
44 
56 
4 
80 
3 
3 
4 
579 
0 
4 
4 
44 
273 
3 
4 
0 
709 
4 
2 
4 
7 
10 
4 
4 
3 
31 
6 
8 
0 
3 
3 
3 
5 
5 
3 
67 
4 
32 
139 
4 
3 
2 
8 
5 
6 
0 
5 
3 
192 
3 
3 
5 
0 
0 
428 
5 
25 
179 
0 
328 
0 
0 
344 
3 
15 
0 
4 
370 
0 
0 
96 
5 
2 
3 
3 
6 
4 
3 
5 
3 
4 
4 
109 
3 
0 
0 
7 
0 
4 
0 
296 
133 
3 
0 
62 
64 
2 
0 
17 
4 
4 
4 
0 
233 
7 
0 
3 
103 
55 
4 
0 
4 
365 
5 
4 
4 
4 
5 
5 
0 
309 
0 
549 
3 
6 
4 
4 
4 
5 
0 
0 
7 
0 
7 
0 
0 
4 
4 
0 
3 
81 
126 
319 
239 
0 
3 
241 
4 
3 
2 
3 
4 
4 
0 
5 
0 
101 
5 
0 
184 
0 
952 
0 
0 
359 
3 
5 
3 
4 
4 
7 
47 
0 
0 
384 
0 
0 
271 
5 
6 
267 
0 
0 
260 
2 
5 
3 
24 
7 
7 
8099 
4 
6 
103 
4 
3 
46 
4 
5 
246 
0 
4 
146 
0 
277 
0 
0 
7 
139 
3 
0 
341 
3 
0 
49 
3 
3 
6 
341 
6 
0 
289 
6 
3 
3 
383 
0 
0 
273 
4 
2 
0 
59 
359 
5 
0 
0 
15 
4 
162 
5 
5 
3 
4 
3 
0 
0 
36 
4 
107 
5 
4 
2 
349 
398 
0 
4 
3 
77 
3 
6 
5 
130 
0 
797 
5 
3 
230 
0 
0 
356 
3 
0 
126 
0 
350 
0 
0 
2 
30 
5 
4 
4 
6 
5 
0 
67 
3 
5 
62 
273 
108 
3 
82 
5 
3 
5 
3 
4 
4 
3 
4 
2 
0 
0 
124 
4 
2 
3 
0 
285 
364 
334 
3 
3 
6 
5 
0 
0 
262 
3 
0 
137 
5 
6 
6 
5 
616 
0 
3 
4 
45 
15 
29 
156 
50 
4 
4 
91 
3 
4 
4 
4 
44 
3 
0 
207 
0 
0 
3 
22 
3 
271 
5 
4 
39 
3 
0 
5 
4 
0 
118 
2 
4 
4 
24 
5 
7 
469 
0 
193 
0 
0 
321 
0 
2 
0 
2 
206 
0 
2 
0 
4 
78 
32 
2 
5 
0 
432 
69 
2 
3 
257 
0 
3 
6 
0 
4 
3 
3 
6 
4 
0 
3 
2 
0 
10 
5 
35 
5 
0 
2 
4 
7 
5 
4 
385 
2 
121 
60 
0 
6 
4 
4 
3 
0 
4 
0 
2 
152 
5 
4 
3 
3 
120 
0 
748 
8 
0 
2 
3 
0 
5 
134 
0 
3 
4 
6 
5 
3 
145 
3 
0 
2 
229 
4 
3 
0 
3 
36 
0 
2 
103 
3 
4 
0 
4 
121 
6 
4 
10862 
4561 
1099 
279 
381 
1048 
658 
1202 
