4125 
3976 
0 
3 
108 
5 
362 
0 
5 
191 
2 
380 
3 
3 
0 
0 
5 
0 
0 
0 
215 
0 
2 
0 
6 
0 
3 
142 
0 
3 
0 
5 
5 
5 
0 
4 
4 
0 
5 
0 
4 
17 
0 
4 
4 
0 
0 
5 
0 
2 
0 
5 
12 
5 
3 
114 
4 
3 
200 
4 
0 
8 
179 
3 
0 
0 
5 
6 
0 
192 
6 
0 
0 
6 
0 
5 
0 
3 
0 
4 
0 
4 
0 
0 
5 
0 
45 
5 
0 
3 
0 
0 
3 
0 
3 
81 
5 
3 
0 
74 
6 
6 
4 
4 
0 
2 
246 
0 
438 
46 
2 
4 
4 
0 
17 
3 
3 
0 
5 
0 
0 
3 
5 
17 
0 
4 
2 
4 
3 
0 
0 
5 
3 
5 
0 
3 
3 
5 
0 
3 
3 
6 
7 
4 
3 
79 
3 
5 
6 
3 
0 
4 
0 
0 
271 
7 
0 
0 
3 
0 
3 
0 
4 
4 
3 
0 
5 
0 
3 
0 
0 
4 
39 
0 
2 
5 
3 
0 
0 
2 
8 
3 
0 
4 
0 
4 
0 
0 
3 
110 
0 
4 
161 
0 
0 
7 
6 
0 
0 
3 
0 
8 
0 
5 
0 
4 
0 
147 
5 
0 
6 
0 
3 
0 
4 
0 
0 
3 
0 
0 
2 
31 
5 
3 
0 
0 
3 
0 
3115 
1765 
3 
135 
3 
0 
0 
687 
3 
7 
7 
7 
4 
3 
2 
0 
6 
6 
4 
6 
4 
0 
4 
0 
4 
0 
5 
413 
1 
3 
0 
0 
0 
5 
0 
0 
0 
4 
0 
3 
0 
287 
0 
0 
0 
4 
7 
38 
6 
4 
3 
3 
4 
3 
0 
3 
78 
0 
3 
0 
4 
0 
6 
3 
0 
2 
0 
4 
211 
4 
105 
0 
3 
0 
5 
3 
31 
0 
3 
0 
0 
192 
0 
4 
0 
5 
14 
4 
5 
5 
0 
0 
1248 
397 
0 
3 
0 
0 
499 
0 
0 
5 
86 
0 
0 
4 
0 
396 
0 
3 
3 
83 
0 
0 
3 
0 
5 
43 
3 
4 
3 
4 
40 
3 
4 
186 
0 
263 
28 
128 
42 
5 
91 
5 
4 
30 
6 
0 
4 
267 
3 
3 
20 
0 
3 
0 
5 
4 
0 
4 
3 
0 
4 
0 
0 
192 
0 
4 
25 
0 
5 
343 
0 
230 
42 
167 
3 
82 
3 
0 
3 
0 
5 
0 
0 
17 
0 
3 
0 
0 
3 
0 
4 
0 
3 
0 
0 
4 
0 
4 
0 
3 
117 
4 
0 
3 
4 
3 
0 
5 
0 
4 
5 
5 
0 
0 
4 
0 
0 
0 
4 
0 
2 
5 
0 
4 
35 
4 
5 
50 
4 
1 
0 
0 
3 
0 
0 
39 
2 
0 
136 
4 
0 
7730 
649 
4 
83 
1293 
3 
2 
5 
4 
628 
21 
22 
6 
4 
4 
5 
5 
23 
6 
4 
4 
4 
4 
1152 
0 
1172 
3 
0 
309 
0 
303 
197 
87 
0 
3 
0 
7 
6 
166 
0 
3 
5 
6 
6 
3 
0 
0 
6 
3 
0 
38 
4 
99 
5 
0 
3 
0 
3 
36 
160 
4 
714 
4 
75 
5 
0 
3 
0 
4 
0 
4 
20 
147 
0 
224 
65 
94 
44 
2 
0 
4 
0 
6 
0 
0 
4 
0 
20 
5 
0 
3 
0 
4 
0 
5 
0 
3 
0 
6 
5 
0 
3 
115 
3 
4 
0 
3 
5 
3 
0 
0 
3 
0 
0 
5 
119 
0 
4 
79 
0 
566 
5 
2 
4 
62 
0 
4 
226 
0 
6 
59 
59 
0 
304 
0 
4 
168 
4 
658 
0 
318 
2 
3 
0 
0 
0 
152 
3 
0 
4 
5 
4 
4 
3 
0 
6 
0 
76 
0 
0 
7 
0 
4 
53 
3 
0 
6 
0 
4 
0 
0 
0 
5 
0 
4 
0 
0 
295 
3 
2 
5 
0 
4 
2 
0 
0 
327 
0 
0 
4 
123 
4 
4 
0 
0 
0 
5 
0 
2 
0 
0 
3 
3 
0 
0 
4 
0 
2 
168 
7 
0 
8 
0 
4 
0 
6 
0 
3 
228 
7 
0 
0 
3 
0 
0 
5 
0 
207 
0 
3 
0 
3 
0 
5 
3 
2 
0 
0 
5 
0 
5 
0 
0 
120 
0 
3 
0 
2 
2 
0 
8 
0 
5 
0 
4 
0 
0 
0 
4 
5653 
169 
299 
83 
42 
81 
597 
5 
3 
1177 
0 
311 
5 
28 
0 
0 
4 
0 
0 
3 
0 
4 
151 
0 
4 
0 
12 
5 
3 
3 
4 
0 
4 
0 
0 
3 
0 
3 
0 
0 
0 
6 
7 
148 
0 
0 
0 
4 
0 
0 
4 
0 
6 
6 
0 
4 
2 
4 
4 
4 
3 
3 
0 
4 
0 
5 
0 
3 
0 
4 
0 
5 
0 
6 
4 
0 
2 
4 
17 
3 
0 
6 
125 
3 
0 
3 
0 
8 
6 
5 
3 
0 
3 
2 
6 
0 
4 
3 
0 
0 
3 
0 
0 
3 
4 
3 
0 
3 
0 
3 
0 
4 
0 
3 
6 
3 
5 
0 
0 
0 
4 
4 
2 
0 
0 
24 
4 
0 
2 
0 
2 
3 
4 
4 
2 
0 
2 
0 
3 
4 
4 
6 
0 
3 
3 
3 
4 
7 
0 
100 
0 
4 
5 
6 
9 
4 
7 
2 
4 
0 
4 
0 
3 
0 
3 
0 
2 
0 
3 
0 
3 
0 
4 
0 
4 
0 
0 
3 
0 
10 
0 
5 
8 
0 
7 
7 
0 
7 
3 
0 
2 
4 
8 
5 
0 
216 
3 
2 
2 
3 
5 
2 
3 
4 
0 
5 
5 
64 
4 
4 
0 
3 
0 
6 
4 
0 
3 
4 
0 
5 
0 
0 
5 
0 
3 
15 
5 
6 
9 
3 
0 
0 
4 
0 
4 
5 
183 
0 
4 
4 
62 
0 
5 
0 
6 
0 
2 
0 
0 
3 
0 
4 
0 
239 
2 
3 
0 
4 
0 
4 
5 
0 
4 
0 
0 
3 
86 
5 
4 
0 
4 
0 
4 
0 
4 
4 
0 
5 
0 
3 
0 
3 
0 
6 
127 
4 
0 
0 
3 
4 
3 
3 
3 
2 
3 
5 
7 
0 
3 
2 
4 
6 
0 
12 
0 
2 
2 
2 
59 
0 
4 
0 
0 
6 
0 
2 
0 
4 
61 
5 
0 
3 
0 
4 
4 
0 
3 
0 
