2951 
2 
12998 
4523 
0 
749 
0 
438 
0 
88 
64 
53 
172 
0 
500 
345 
238 
45 
211 
0 
570 
547 
71 
120 
485 
4 
3 
2 
61 
321 
3 
56 
0 
344 
3 
2 
110 
0 
181 
4 
3 
3 
4 
4 
0 
85 
18 
0 
3 
0 
7 
0 
4 
0 
4 
0 
5 
0 
4 
0 
34 
14 
3 
0 
908 
28 
246 
3 
4 
3 
117 
3 
240 
5 
3 
4 
3 
3 
4 
0 
4 
0 
4 
5 
4 
5 
0 
6 
0 
3 
0 
5 
0 
366 
3 
3 
0 
5 
0 
4 
0 
4 
0 
5 
0 
0 
3 
0 
3 
0 
49 
38 
7 
2 
5 
3 
5 
33 
0 
1056 
35 
5 
3 
3 
62 
154 
0 
138 
73 
4 
0 
0 
14 
4 
6 
6 
4 
4 
3 
4 
0 
0 
4 
4 
3 
107 
0 
4 
6 
3 
3 
106 
627 
2 
508 
24 
80 
248 
0 
6 
3 
3 
4 
4 
5 
5 
302 
184 
231 
0 
3 
5 
5 
4 
4 
5 
6 
5 
4 
458 
51 
3 
4 
4 
22 
6 
179 
2 
0 
0 
7 
0 
7 
0 
0 
6 
0 
62 
33 
2 
0 
6 
459 
3 
6 
112 
41 
4 
4 
195 
0 
3 
2 
0 
318 
2 
0 
0 
5 
0 
6 
0 
6 
0 
3 
0 
3 
0 
47 
0 
278 
236 
3 
5 
3 
2 
4 
102 
0 
5 
0 
6 
0 
4 
3 
0 
5 
0 
4 
0 
0 
0 
8520 
0 
273 
3 
4 
2 
17 
0 
305 
140 
0 
650 
0 
294 
7 
4 
0 
0 
7 
4 
282 
48 
23 
3 
4 
4 
5 
323 
4 
810 
45 
4 
3 
0 
3 
145 
4 
1015 
33 
5 
0 
0 
4 
1019 
51 
45 
23 
212 
3 
76 
0 
1072 
35 
5 
0 
203 
2 
4 
480 
5 
210 
4 
0 
441 
222 
5 
3 
941 
3 
5 
0 
0 
15065 
6 
1656 
3 
940 
5 
416 
3588 
0 
549 
0 
380 
3 
61 
613 
23 
0 
0 
4 
3 
0 
0 
278 
5 
4 
3 
3 
4 
3 
33 
2 
0 
64 
2 
4 
7 
0 
375 
0 
7 
0 
6 
0 
6 
0 
3 
3 
3 
0 
6 
0 
31 
61 
3 
5 
4 
4 
0 
3 
59 
0 
3 
5 
0 
3 
0 
0 
4 
64 
0 
402 
2 
5 
0 
4 
0 
4 
0 
4 
0 
4 
5 
0 
259 
3 
0 
4 
0 
3 
0 
5 
7 
5 
4 
0 
253 
2 
0 
0 
4 
0 
2 
5 
0 
0 
544 
5 
4 
5 
4 
0 
79 
40 
44 
7 
4 
5 
5 
5 
4 
0 
5 
84 
4 
0 
4 
0 
2 
4 
6 
7 
30 
2 
4 
2 
0 
0 
793 
67 
164 
5 
543 
41 
216 
6 
145 
0 
4 
0 
2 
98 
11 
5 
5 
30 
5 
56 
0 
242 
83 
31 
283 
7 
4 
0 
4 
0 
4 
0 
6 
0 
0 
4 
0 
0 
4 
0 
3 
0 
3 
5 
4 
4 
4 
0 
0 
3 
5 
310 
0 
5 
216 
3 
0 
3 
0 
4 
0 
2 
8436 
418 
4 
48 
0 
395 
9 
28 
0 
23 
189 
3 
4 
58 
5 
26 
5 
0 
137 
4 
3 
2 
3 
222 
0 
4 
0 
5 
4 
0 
5 
0 
2 
102 
120 
128 
4 
2 
3 
3 
4 
5 
5 
6 
5 
5 
3 
3 
66 
10 
6 
118 
83 
3 
7 
0 
0 
438 
0 
7 
109 
3 
77 
0 
343 
177 
0 
6 
279 
4 
4 
3 
2 
4 
4 
0 
0 
5 
6 
4 
4 
4 
13 
0 
5 
224 
3 
4 
0 
5 
78 
5 
0 
5 
21 
361 
0 
7 
0 
7 
0 
7 
0 
7 
7 
6 
3 
2 
5 
5 
4 
6 
5 
5 
0 
5 
316 
3 
4 
4 
4 
0 
5 
224 
0 
5 
88 
21 
5 
6 
5 
3 
6 
0 
348 
4 
4 
4 
11 
0 
496 
0 
308 
37 
4 
4 
185 
0 
3 
5 
5 
4 
0 
3 
0 
5 
0 
0 
4 
0 
4 
0 
2 
0 
4 
0 
28 
0 
5 
0 
5 
0 
0 
845 
59 
4 
52 
11 
5 
0 
2 
979 
43 
3 
2 
4 
9 
3 
0 
0 
192 
0 
0 
4 
67 
3 
3 
5 
161 
0 
5 
269 
0 
191 
3 
0 
4 
0 
3 
0 
355 
3 
0 
3 
508 
29 
8 
6 
0 
10 
4 
0 
5 
263 
34 
6 
6 
307 
5 
8 
6 
3 
0 
4 
0 
4 
0 
3 
0 
0 
4 
0 
4 
2 
3 
4 
4 
5 
31 
6 
187 
3 
0 
3 
0 
3 
0 
5 
0 
0 
0 
2 
0 
2557 
3 
0 
3 
0 
0 
3 
0 
3 
0 
4 
147 
5 
0 
9026 
0 
252 
3 
5 
26 
0 
429 
46 
44 
0 
390 
0 
408 
0 
5 
0 
4 
0 
5 
0 
5 
282 
3 
0 
211 
4 
0 
5 
0 
0 
3 
0 
0 
5 
100 
3 
3 
5 
4 
5 
5 
0 
0 
496 
0 
8 
6 
63 
22 
2 
46 
0 
418 
5 
4 
349 
3 
10 
4 
5 
0 
490 
0 
81 
67 
4 
3 
0 
0 
10 
5 
235 
34 
14 
9 
38 
9 
15 
186 
3 
856 
51 
7 
159 
5 
7 
131 
4 
163 
4 
0 
2 
0 
0 
7 
0 
0 
26 
6 
4 
4 
24 
4 
0 
3 
0 
3 
4 
5 
51 
88 
544 
519 
0 
4 
206 
0 
2 
0 
4 
0 
4 
0 
215 
0 
4 
3 
460 
6 
0 
161 
3 
5 
6 
3 
78 
0 
4 
161 
3 
0 
0 
5 
364 
3 
60 
0 
4 
564 
0 
5 
127 
6 
4 
4 
4 
0 
302 
0 
3 
0 
2 
0 
0 
3 
0 
52 
3 
3 
0 
5 
5 
3 
239 
0 
19 
5 
0 
5 
568 
0 
218 
3 
2 
7 
3 
5 
5 
38 
0 
0 
3 
4 
3 
0 
5 
4 
118 
3 
8 
4 
6 
4 
4 
4 
5 
2 
7 
9 
6 
7 
7 
3430 
