3304 
Game Start 
2831 
4 
122 
165 
119 
61 
0 
5 
5 
68 
3 
2 
7 
138 
0 
0 
3 
0 
6 
5 
7 
0 
6 
0 
3 
3 
0 
0 
5 
6 
5 
0 
4 
4 
5 
5 
0 
4 
0 
0 
4 
4 
0 
0 
4 
0 
0 
4 
0 
0 
4 
0 
3 
3 
6 
0 
6 
7 
0 
5 
0 
4 
0 
7 
5 
0 
4 
0 
165 
13 
4 
25 
7 
4 
0 
6 
479 
4 
5 
0 
3 
28 
3 
15 
4 
0 
0 
3 
0 
4 
0 
7 
0 
3 
15 
28 
3 
0 
5 
0 
0 
0 
4 
0 
3 
5 
6 
6 
90 
0 
0 
5 
0 
4 
0 
336 
0 
4 
2 
3 
6 
5 
4 
4 
3 
0 
4 
0 
4 
3 
0 
5 
0 
4 
0 
6 
51 
0 
4 
533 
5 
3 
0 
0 
5 
0 
0 
3 
0 
48 
0 
335 
12 
0 
3 
2 
0 
3 
3 
3 
0 
3 
30 
4 
0 
3 
3 
97 
3 
0 
4 
70 
0 
0 
0 
6 
0 
5 
0 
0 
4 
3 
4 
0 
54 
4 
4 
3 
0 
5 
0 
3 
0 
0 
30 
5 
0 
4 
0 
81 
0 
541 
0 
0 
3 
0 
0 
0 
5 
0 
0 
0 
4 
3 
0 
1066 
8 
0 
91 
4 
0 
2 
0 
0 
4 
0 
4 
0 
2 
2 
0 
5 
4 
5 
4 
8342 
0 
4 
171 
0 
4 
15 
0 
0 
6 
62 
0 
0 
5 
0 
5 
3 
0 
0 
4 
99 
0 
3 
164 
0 
5 
150 
0 
4 
115 
0 
4 
0 
4 
0 
121 
0 
4 
0 
6 
4 
4 
4 
0 
6 
7 
7 
0 
4 
0 
17 
24 
0 
0 
4 
6 
6 
5 
5 
4 
4 
8 
4 
0 
4 
4 
0 
3 
4 
4 
5 
3 
8 
0 
3 
4 
5 
9 
3 
25 
5 
0 
4 
4 
4 
0 
0 
0 
3 
3 
22 
7 
5 
3 
4 
4 
3 
0 
7 
7 
315 
4 
2 
7 
7 
0 
0 
3 
0 
0 
4 
0 
5 
0 
0 
4 
0 
5 
0 
3 
6 
7 
8 
6 
0 
6 
104 
2 
3 
4 
0 
6 
0 
0 
0 
4 
2 
0 
3 
11 
0 
5 
8 
41 
87 
3 
3 
0 
4 
5 
25 
6 
0 
7 
6 
0 
7 
0 
4 
45 
72 
6 
4 
4 
3 
4 
0 
0 
4 
0 
3 
0 
4 
3 
98 
2 
0 
6 
3 
4 
0 
0 
13 
4 
3 
4 
5 
12878 
100 
5323 
871 
Game Start 
3730 
5 
4 
20 
5 
0 
3 
0 
6 
5 
0 
303 
0 
5 
4 
0 
0 
3 
0 
3 
0 
0 
5 
172 
0 
2 
0 
5 
5 
3 
0 
2 
4 
3 
0 
4 
3 
53 
0 
4 
0 
6 
4 
0 
5 
4 
56 
4 
0 
4 
5 
7 
5 
0 
4 
4 
3 
0 
7 
0 
8 
26 
5 
168 
18 
72 
5 
0 
5 
6 
0 
35 
2 
0 
0 
4 
3 
0 
4 
0 
5 
3 
4 
4 
5 
3 
0 
3 
0 
3 
0 
5 
0 
4 
5 
3 
4 
5 
0 
3 
225 
14 
5 
0 
4 
6 
6 
0 
4 
0 
5 
3 
5 
0 
6 
0 
4 
0 
5 
5 
9010 
4 
2 
333 
2 
3 
0 
0 
3 
4 
0 
4 
0 
3 
5 
0 
4 
6 
0 
0 
4 
0 
4 
17 
6 
4 
0 
5 
0 
0 
3 
0 
5 
0 
4 
0 
0 
5 
3 
0 
0 
5 
43 
4 
5 
6 
6 
7 
6 
0 
6 
0 
290 
0 
4 
0 
0 
5 
0 
4 
5 
0 
3 
0 
4 
30 
4 
0 
0 
5 
0 
4 
0 
71 
0 
3 
0 
5 
4 
0 
0 
6 
77 
4 
234 
0 
3 
0 
0 
4 
0 
5 
0 
4 
4 
4 
3 
6 
7 
156 
7 
6 
6 
5 
4 
4 
3 
5 
0 
0 
5 
3 
0 
3 
3 
3 
0 
4 
4 
2 
2 
4 
5 
0 
4 
5 
0 
5 
4 
0 
3 
3 
6 
5 
8 
0 
12 
4 
20 
0 
4 
4 
17 
5 
34 
7 
2 
3 
0 
5 
0 
0 
4 
4 
0 
0 
4 
0 
4 
0 
5 
0 
3 
0 
4 
0 
4 
0 
4 
5 
6 
0 
0 
6 
0 
4 
0 
3 
3 
5 
4 
4 
0 
4 
0 
4 
0 
0 
4 
4 
0 
0 
5 
4 
358202 
