2999 
5 
6720 
484 
499 
359 
Game Start 
Game Start 
13771 
42 
219 
27 
0 
2 
5 
4 
5 
16 
8 
4 
8 
35 
13 
5 
0 
2 
4 
0 
6 
0 
627 
0 
6 
6 
0 
908 
108 
5 
5 
0 
4 
0 
6 
5 
3 
0 
447 
65 
0 
25 
5 
5 
0 
0 
84 
67 
40 
35 
0 
136 
40 
109 
23 
37 
76 
89 
0 
6 
16 
7 
3 
0 
5 
0 
4 
3 
163 
0 
5 
0 
203 
67 
72 
47 
120 
98 
0 
4 
0 
5 
0 
10 
0 
1 
3 
34 
0 
2 
0 
311 
43 
0 
5 
70 
0 
4 
0 
4 
0 
7 
6 
8 
0 
0 
6 
0 
196 
36 
6 
6 
74 
7 
77 
137 
34 
0 
4 
68 
22 
14 
4 
6 
35 
27 
5 
17 
4 
3 
25 
0 
5 
4 
0 
5 
0 
3 
5 
25 
5 
4 
16 
53 
102 
0 
4 
11 
34 
34 
3 
5 
0 
6 
4 
0 
3 
0 
5 
0 
69 
60 
3 
4 
17 
87 
90 
73 
3 
4 
10 
3 
0 
259 
0 
5 
0 
5 
0 
23 
5 
72 
4 
3 
3 
0 
5 
0 
4 
2 
0 
5 
28 
0 
0 
6 
3 
4 
0 
4 
3 
7356 
60 
149 
77 
95 
399 
655 
22 
3 
37 
3 
3 
4 
37 
7 
0 
109 
0 
9 
4 
0 
20 
25 
6 
0 
26 
0 
6 
12 
5 
5 
0 
267 
45 
799 
4 
3 
0 
0 
2 
0 
64 
4 
0 
3 
0 
3 
196 
35 
5 
5 
5 
0 
6 
4 
4 
287 
6 
0 
5 
6 
83 
4 
0 
8 
5 
0 
4 
3 
0 
6 
0 
0 
73 
5 
8 
0 
5 
7 
0 
6 
6 
0 
0 
4 
0 
5 
34 
4 
0 
99 
0 
5 
9 
4 
0 
6 
0 
4 
3 
0 
5 
4 
5 
4 
4 
375 
0 
0 
24 
0 
28 
19 
213 
419 
0 
5 
0 
7 
0 
4 
3 
51 
24 
5 
5 
303 
0 
4 
0 
157 
26 
27 
31 
24 
60 
3 
20 
26 
40 
3 
0 
8 
0 
0 
7 
5 
4 
0 
3 
0 
0 
6 
37 
18 
17 
0 
0 
4 
0 
4 
0 
4 
45 
136 
45 
36 
39 
34 
46 
66 
56 
5 
0 
5 
0 
5 
1965 
0 
26 
6 
6 
8 
0 
0 
4 
21243 
1023 
294 
584 
661 
Game Start 
3618 
74 
47 
0 
4 
48 
0 
7 
33 
64 
0 
3 
0 
4 
0 
4 
30 
0 
43 
61 
5 
0 
25 
4 
0 
5 
5 
11 
5 
6 
5 
5 
4 
4 
4 
0 
4 
0 
41 
4 
121 
4 
3 
0 
5 
45 
6 
5 
0 
4 
0 
6 
5 
7 
4 
0 
4 
33 
71 
43 
44 
8 
17 
4 
0 
0 
4 
0 
71 
0 
0 
3 
3 
0 
64 
49 
9 
591 
3 
0 
3 
0 
0 
5 
0 
0 
0 
0 
4 
0 
0 
3 
0 
4 
0 
0 
5 
0 
5 
0 
5 
5 
0 
0 
5 
3 
0 
5 
0 
5 
0 
74 
0 
6 
37 
46 
5 
4 
0 
7 
7 
5 
3 
0 
3 
0 
289 
651 
2 
0 
0 
4 
3 
0 
0 
40 
201 
3 
4 
5 
0 
5 
5 
123 
77 
12 
43 
0 
5 
0 
3 
0 
4 
5 
58 
7 
88 
0 
8 
5 
7 
6 
0 
11 
107 
11 
6 
6 
12 
33 
21 
30 
46 
0 
4 
0 
63 
6 
5 
4 
5 
0 
3 
0 
0 
3 
5 
56 
4 
0 
5 
5 
0 
7 
3 
9457 
705 
49 
4 
54 
4 
40 
14 
4 
4 
4 
3 
0 
4 
3 
4 
60 
3 
23 
4 
12 
0 
4 
11 
4 
0 
5 
5 
6 
0 
4 
0 
4 
27 
7 
40 
4 
5 
31 
42 
39 
4 
7 
40 
4 
21 
0 
4 
41 
42 
18 
138 
31 
5 
0 
0 
56 
40 
30 
3 
18 
12 
0 
6 
5 
0 
6 
3 
0 
5 
44 
5 
0 
43 
3 
61 
23 
25 
31 
9 
5 
3 
5 
25 
5 
3 
14 
92 
5 
7 
8 
0 
6 
0 
8 
0 
8 
10 
0 
120 
112 
45 
0 
0 
5 
0 
0 
5 
0 
4 
175 
0 
5 
5 
0 
0 
4 
255 
13 
5 
0 
10 
34 
3 
0 
4 
28 
3 
0 
4 
0 
6 
25 
15 
33 
2 
0 
50 
4 
0 
0 
40 
0 
0 
4 
4 
4 
25 
17374 
988 
5 
115 
337 
289 
