16785 
5 
4566 
1424 
6424 
5 
4 
3 
72 
2 
5 
3 
2 
456 
147 
152 
202 
4 
276 
2 
3 
2 
3 
4 
174 
5 
4 
2 
0 
46 
4 
3 
6 
5 
7 
0 
7 
57 
0 
8 
5 
64 
4 
2 
2 
0 
5 
123 
0 
7 
5 
0 
3 
0 
0 
3 
0 
5 
43 
4 
105 
4 
0 
4 
0 
4 
0 
3 
4 
0 
3 
16 
6 
0 
5 
4 
0 
0 
156 
0 
60 
3 
121 
16 
5 
3 
3 
5 
4 
4 
0 
4 
4 
109 
0 
3 
0 
3 
4 
3 
0 
4 
0 
4 
3 
4 
3 
5 
4 
0 
0 
5 
79 
0 
3 
0 
0 
221 
3 
0 
5 
10 
3 
4 
0 
5 
36 
6 
5 
3 
3 
4 
4 
0 
3 
2 
5 
114 
0 
4 
23 
3 
12 
226 
5 
42 
4 
0 
5 
4 
19 
2 
0 
2 
3 
0 
2 
1 
0 
3 
33 
173 
4 
56 
3 
0 
5 
0 
4 
0 
5 
0 
2 
0 
0 
4 
0 
3 
4 
74 
67 
60 
4 
0 
524 
0 
5 
178 
0 
5 
5 
4 
4 
3 
0 
0 
3 
2 
3 
0 
3 
0 
2 
0 
177 
3 
4 
5 
2 
64 
105 
5 
3 
5 
3 
0 
5 
3 
3 
59 
25 
66 
105 
4 
0 
0 
34 
4 
34 
167 
0 
3 
0 
3 
0 
4 
0 
5 
5 
0 
3 
6 
4 
0 
62 
5 
100 
5 
4 
10 
4 
5 
4 
4 
4 
3 
2 
145 
0 
5 
4 
0 
0 
3 
0 
0 
7 
0 
3 
0 
0 
149 
4 
111 
4 
0 
4 
44 
5 
2 
3 
2 
4 
4 
4 
3 
0 
4 
0 
0 
38 
51 
5 
0 
188 
4 
3 
3 
3 
4 
2 
4 
5 
0 
3 
3 
5 
8 
0 
0 
4 
18 
3 
269 
3 
3 
3 
3 
3 
4 
0 
4 
894 
0 
4 
3 
3 
2 
5 
0 
0 
61 
3 
4 
0 
3 
0 
0 
4 
0 
4 
0 
3 
4 
5 
3 
3 
4 
3 
2 
2 
2 
6 
4 
3 
4 
5 
3 
2 
3294 
599 
0 
4 
213 
4 
1183 
1492 
1506 
4 
3 
3 
4 
39 
4 
0 
4 
0 
112 
3 
134 
5 
4 
5 
0 
6 
3 
3 
0 
69 
0 
7 
0 
0 
8 
5 
3 
0 
5 
0 
3 
0 
8 
6 
6 
6 
7 
0 
6 
2 
0 
32 
0 
3 
0 
37 
46 
0 
3 
3 
5 
0 
73 
59 
11 
4 
4 
143 
3 
0 
6 
82 
3 
139 
114 
18 
4 
4 
0 
6 
4 
61 
7 
291 
4 
4 
4 
4 
5 
3 
4 
0 
0 
85 
5 
7 
5 
3 
4 
0 
6 
247 
3 
4 
3 
5 
3 
4 
0 
63 
5 
4 
0 
0 
149 
3 
6 
0 
0 
258 
5 
4 
0 
4 
0 
26 
49 
0 
1 
4 
4 
6 
4 
4 
4 
3 
4 
3 
0 
4 
4 
4 
4 
4 
3 
0 
5 
4 
40 
3 
3 
105 
0 
2 
2 
3 
3 
0 
5 
4 
0 
2 
0 
57 
0 
126 
15 
51 
6 
0 
3 
0 
3 
28 
0 
371 
3 
0 
4 
0 
0 
2 
0 
4 
5 
3 
2 
78 
3 
4 
0 
4 
0 
5 
0 
4 
3 
3 
3 
6 
3 
3 
0 
5 
0 
2 
0 
6 
0 
3 
5 
0 
133 
3 
3 
3 
5 
8 
6 
3 
4 
4 
2 
6 
4 
2 
3 
2 
4 
0 
0 
0 
4 
213 
0 
0 
0 
167 
0 
0 
0 
3 
0 
222 
3 
2 
3 
4 
4 
0 
0 
2 
4 
2 
5 
7 
4 
3 
3 
3 
5 
8 
7 
6 
8 
6 
0 
3 
0 
3 
0 
211 
36 
4 
0 
4 
3 
0 
3 
5 
4 
4 
116 
0 
330 
4 
74 
5 
4 
4 
3 
2 
4 
2 
0 
0 
940 
3 
4 
0 
3 
24 
7 
0 
4 
3 
3 
0 
356 
5 
0 
4 
0 
3 
0 
5 
4 
3 
0 
71 
5 
5 
23 
5 
5 
3 
49 
119 
4 
5 
286 
581 
3 
0 
211 
4 
54 
112 
3 
65 
146 
4 
37 
3 
4 
101 
0 
8 
5 
5 
6 
52 
3 
5 
3 
55 
0 
4 
6 
4 
0 
4 
24 
4 
3 
4 
5 
3 
4 
5 
4 
8434 
4 
438 
40 
7 
115 
701 
56 
1559 
259 
151 
231 
1189 
4 
664 
194 
4 
239 
6 
203 
2 
3 
4 
31 
3 
4 
7 
52 
3 
3 
4 
5 
49 
0 
60 
3 
4 
0 
0 
3 
4 
4 
20 
0 
1060 
3 
2 
4 
35 
14 
5 
3 
0 
4 
5 
17 
0 
2 
0 
4 
0 
5 
0 
3 
0 
2 
0 
0 
32 
6 
5 
53 
4 
3 
3 
5 
0 
225 
0 
3 
127 
0 
258 
6 
365 
0 
147 
3 
11 
3 
6 
4 
4 
5 
4 
3 
209 
3 
5 
22 
5 
0 
3 
4 
0 
0 
40 
3 
4 
30 
3 
228 
138 
3 
0 
0 
4 
0 
3 
85 
5 
3 
5 
5 
43 
5 
6 
6 
4 
4 
4 
111 
0 
3 
4 
5 
7 
6 
2 
0 
281 
12 
3 
3 
4 
2 
4 
3 
2 
2 
3 
4 
3 
5 
3 
2 
4 
3 
0 
0 
928 
0 
0 
1077 
0 
3 
0 
4 
3 
0 
3 
22 
4 
5 
3 
2 
168 
6 
5 
3 
3 
0 
80 
4 
0 
3 
5 
35 
4 
4 
5 
0 
6 
715 
4 
0 
19 
3 
4 
3 
0 
3 
0 
112 
3 
4 
2 
3 
3 
5 
4 
4 
0 
3 
4 
18 
4 
3 
4 
35 
0 
4 
31 
4 
5 
78 
0 
1018 
0 
5 
469 
0 
567 
4 
25 
3 
226 
2 
0 
2 
0 
3 
3 
4 
3 
0 
4 
5 
0 
5 
4 
0 
2 
3 
0 
3 
2 
4 
0 
124 
4 
2 
4 
21 
4 
6 
0 
3 
5 
6 
4 
4 
0 
31 
6 
6 
0 
3 
0 
3 
24 
3 
4 
3 
3 
3 
3 
16 
4 
47 
4 
4 
60 
97 
1513 
0 
802 
2 
64 
71 
164 
119 
76 
0 
2 
0 
4441 
3 
6 
7 
5 
0 
8 
14 
0 
4 
0 
0 
4 
0 
2 
5 
454 
0 
3 
2 
0 
4 
85 
0 
124 
201 
3 
0 
3 
3 
663 
0 
226 
988 
28 
3 
62 
0 
818 
3 
3 
6 
0 
0 
31 
3 
5 
6 
5 
6 
0 
3 
0 
27 
4 
18 
4 
4 
64 
3 
3 
4 
4 
5 
0 
4 
0 
3 
0 
110 
16 
4 
4 
50 
6 
6 
131 
0 
5 
27 
0 
6 
4 
3 
4 
4 
4 
0 
10 
55 
8 
5 
5 
3 
4 
3 
0 
4 
4 
3 
33 
7 
5 
0 
4 
564 
35 
0 
440 
437 
0 
4 
113 
5 
5 
0 
3 
0 
4 
5 
0 
3 
89 
0 
188 
3 
4 
4 
6 
8 
15 
3 
2 
0 
7 
0 
3 
0 
3 
0 
48 
4 
4 
60 
3 
29 
3 
3 
5 
8 
0 
195 
4 
57  
28 
4 
6 
622 
96 
48 
662 
118 
72 
