3934 
287 
7100 
5 
Game Start 
13050 
55 
6 
56 
4 
3 
0 
3 
3 
98 
6 
140 
5 
4 
1800 
746 
697 
4 
1827 
3 
642 
2 
3 
0 
7 
0 
523 
3 
8 
10 
238 
5 
197 
2 
0 
401 
3 
1049 
2 
2 
0 
4 
0 
3 
2 
0 
4 
4 
2 
52 
2 
2 
0 
5 
0 
3 
4 
92 
88 
3 
0 
0 
6 
0 
0 
7 
0 
109 
0 
5 
4 
4 
0 
3 
3 
4 
0 
2 
5 
0 
541 
3 
4 
0 
3 
0 
4 
0 
4 
5 
0 
4 
0 
3 
86 
5 
105 
6 
5 
80 
3 
4 
0 
0 
6 
5 
125 
5 
8 
7 
56 
6 
7 
0 
4 
2 
2 
3 
5 
4 
3 
4 
3 
5 
107 
7 
231 
3 
138 
4 
394 
4 
217 
4 
0 
4 
4 
3 
5 
0 
3 
4 
6 
10 
5 
0 
3 
3 
3 
4 
3 
48 
3 
5 
56 
5 
8 
3 
0 
0 
4 
0 
5 
0 
5 
3 
3 
0 
4 
0 
49 
4 
4 
87 
3 
0 
0 
4 
3 
3 
5 
0 
3 
290 
3 
0 
0 
0 
5 
3 
5 
7 
5 
0 
7 
0 
0 
6 
5 
12 
0 
0 
3 
4 
441 
2 
2 
4 
5 
3 
3 
3 
5 
4 
3 
0 
117 
3 
2 
0 
0 
0 
5 
0 
4 
7 
42 
3 
6 
5 
6 
0 
327 
5 
5 
0 
0 
159 
5 
7 
0 
4 
307 
4 
0 
3 
0 
0 
83 
3 
3 
76 
0 
61 
5 
3 
0 
0 
39 
3 
0 
0 
205 
4 
0 
0 
0 
21 
3 
8854 
3 
3 
256 
3 
4 
4 
5 
4 
0 
0 
5 
4 
3 
0 
7 
90 
6 
183 
5 
0 
161 
4 
3 
6 
7 
96 
4 
85 
4 
4 
3 
2 
0 
0 
78 
5 
3 
4 
4 
0 
26 
5 
5 
3 
3 
0 
0 
93 
3 
4 
3 
2 
0 
0 
18 
3 
7 
101 
0 
0 
0 
3 
3 
3 
3 
7 
50 
0 
54 
5 
0 
0 
3 
2 
2 
3 
4 
4 
3 
5 
4 
6 
0 
4 
3 
0 
3 
0 
3 
3 
3 
4 
4 
4 
0 
3 
0 
4 
4 
4 
0 
5 
4 
0 
3 
6 
6 
6 
8 
0 
0 
0 
4 
4 
4 
6 
6 
6 
18 
0 
3 
5 
0 
4 
103 
3 
5 
0 
6 
0 
4 
0 
4 
26 
3 
0 
267 
3 
0 
3 
45 
2 
0 
402 
5 
0 
0 
239 
0 
483 
3 
517 
3 
3 
3 
123 
4 
0 
5 
0 
8 
0 
0 
5 
3 
4 
2 
5 
0 
3 
0 
2 
121 
0 
6 
0 
4 
4 
3 
0 
3 
0 
219 
4 
43 
0 
3 
0 
0 
3 
5 
5 
4 
3 
3 
5 
0 
4 
4 
421 
8 
0 
188 
5 
3 
0 
362 
0 
558 
2 
0 
272 
4 
5 
0 
4 
59 
3 
0 
3 
42 
5 
3 
0 
0 
0 
5 
0 
117 
2 
4 
3 
4 
3 
0 
53 
3 
5 
4 
0 
0 
5 
4 
5 
6 
5 
3 
0 
4 
0 
7 
7 
6 
3 
41 
3 
4 
0 
145 
2 
0 
4 
3 
3 
2 
4 
4 
3 
3 
2 
4 
3 
3 
3 
4 
0 
137 
3 
4 
2 
3 
0 
117 
4 
3 
4 
5 
5 
100 
4 
2 
5 
4 
3 
0 
0 
0 
4 
4 
0 
6 
0 
90 
7 
5 
36 
3 
5 
0 
0 
4 
4 
4 
4 
61 
3 
4 
0 
0 
3 
3 
3 
120 
2 
4 
16352 
2877 
