3224 
203 
838 
6186 
3 
313 
3 
2 
3 
2 
5 
3 
3 
3 
Game Start 
3 
4 
126 
4 
3 
0 
4 
0 
3 
0 
3 
0 
0 
0 
4 
4 
0 
0 
0 
0 
5 
3 
4 
3 
0 
3 
3 
3 
6 
6 
8 
7 
0 
5 
0 
10 
0 
4 
4 
0 
3 
0 
4 
2 
3 
3 
5 
0 
4 
0 
0 
0 
5 
4 
4 
4 
5 
2 
3 
0 
7 
0 
4 
6 
4 
4 
3 
4 
5 
0 
3 
0 
89 
4 
2 
4 
4 
6 
5 
4 
5 
8 
0 
222 
7 
5 
0 
0 
4 
73 
4 
4 
5 
5 
4 
4 
4 
5 
5 
4 
4 
4 
5 
3 
3 
0 
3 
4 
0 
5 
0 
3 
4 
5 
5 
0 
5 
0 
0 
4 
3 
3 
5 
6 
4 
3 
0 
2 
6 
8 
5 
5 
0 
3 
5 
0 
3 
4 
3 
3 
5 
4 
0 
179 
4 
5 
5 
0 
4 
4 
4 
4 
3 
35 
0 
172 
4 
2 
0 
0 
4 
98 
5 
3 
5 
3 
0 
168 
5 
4 
3 
5 
0 
6 
0 
0 
6 
0 
6 
7 
6 
5 
4 
4 
3 
0 
74 
3 
4 
4 
0 
4 
5 
0 
6 
0 
3 
3 
5 
5 
4 
3 
31 
4 
0 
0 
4 
0 
4 
0 
4 
7 
0 
0 
4 
0 
5 
0 
4 
0 
5 
0 
4 
0 
3 
4 
0 
4 
0 
0 
3 
0 
4 
0 
4 
4 
0 
0 
3 
0 
4 
4 
3 
4 
4 
4 
7 
6 
7 
7 
5 
4 
0 
3 
5 
5 
4 
8 
6 
7 
7 
5 
4 
4 
4 
3 
5 
5 
4 
3 
2 
4 
4 
0 
4 
0 
4 
4 
3 
6 
4 
4 
5 
4 
3 
4 
5 
5 
4 
4 
4 
4 
4 
5 
4 
4 
4 
0 
0 
7 
0 
8 
0 
8 
5 
0 
4 
0 
3 
0 
5 
4 
4 
5 
3 
0 
4 
106 
3 
4 
5 
5 
5 
3 
5 
0 
5 
0 
5 
0 
3 
5 
2 
5 
0 
316 
4 
5 
3 
0 
0 
0 
5 
0 
4 
5 
3 
4 
4 
0 
0 
5 
7 
0 
6 
3 
0 
4 
0 
4 
4 
3 
0 
3 
0 
4 
0 
5 
0 
3 
0 
3 
0 
5 
5 
5 
4 
0 
4 
0 
5 
4 
4 
0 
6 
0 
5 
4 
0 
6 
3 
4 
5 
3 
4 
5 
3 
4 
0 
285 
4 
5 
3 
3 
3 
3 
6 
3 
0 
193 
2 
4 
6 
5 
0 
87 
3 
5 
5 
167 
0 
122 
0 
3 
2 
93 
2 
254 
0 
5 
29 
0 
5 
0 
4 
0 
5 
0 
4 
3 
0 
6 
0 
4 
4 
4 
4 
0 
4 
3 
0 
0 
0 
3 
4 
0 
6 
6 
5 
6 
0 
0 
3 
3 
7 
0 
4 
0 
6 
0 
0 
4 
0 
3 
0 
5 
0 
5 
0 
4 
0 
4 
3 
4 
3 
0 
3 
0 
3 
3 
5 
3 
0 
5 
9754 
2 
4 
4 
5 
5 
6 
0 
195 
2 
5 
3 
3 
3 
0 
220 
3 
5 
3 
4 
5 
4 
4 
0 
4 
4 
0 
4 
0 
4 
4 
0 
0 
3 
4 
4 
4 
34 
4 
0 
5 
3 
0 
5 
4 
5 
0 
0 
0 
4 
4 
4 
0 
4 
5 
0 
4 
6 
0 
5 
0 
6 
0 
4 
0 
0 
6 
0 
6 
7 
6 
0 
8 
0 
6 
3 
0 
4 
0 
0 
5 
0 
3 
0 
0 
4 
0 
0 
4 
4 
4 
4 
0 
4 
0 
0 
4 
0 
2 
0 
0 
0 
4 
3 
0 
4 
0 
0 
5 
0 
5 
2 
0 
2 
3 
0 
2 
2 
3 
0 
0 
3 
2 
304 
5 
4 
3 
0 
3 
4 
2 
0 
3 
4 
0 
3 
0 
0 
5 
0 
3 
0 
0 
5 
44 
5 
5 
3 
2 
0 
5 
0 
5 
2 
6 
4 
6 
4 
0 
185 
8 
0 
0 
4 
0 
235 
6 
240 
5 
4 
4 
4 
136 
0 
3 
0 
4 
3 
4 
3 
3 
3 
0 
4 
0 
170 
3 
3 
2 
245 
0 
3 
319 
0 
2 
5 
0 
0 
4 
0 
3 
5 
0 
6 
3 
0 
3 
4 
0 
3 
0 
0 
4 
4 
4 
3 
0 
6 
3 
6 
4 
2 
40 
0 
57 
4 
4 
3 
2 
0 
187 
4 
3 
0 
0 
355 
4 
102 
0 
3 
0 
4 
3 
56 
3 
0 
0 
0 
4 
0 
5 
8 
0 
0 
7 
0 
7 
6 
7 
7 
0 
7 
3 
0 
4 
112 
4 
0 
467 
3 
0 
0 
3 
0 
0 
3 
5 
5 
3 
2 
4 
4 
0 
2 
33 
4 
4 
2 
61 
0 
156 
2 
4 
3 
5 
7 
7 
6 
4 
4 
4 
0 
5 
5 
4 
4 
4 
0 
4 
0 
6 
0 
4 
2 
4 
5 
6 
21079 
622 
4 
5 
12399 
30 
7 
268 
