15868 
247 
208 
122 
524 
56 
156 
3 
495 
31 
2 
35 
14 
120 
0 
700 
3 
5 
5 
0 
83 
4 
0 
5 
4 
10 
4 
0 
5 
2 
0 
4 
5 
6 
4 
283 
9 
241 
4 
99 
3 
0 
0 
3 
388 
5 
3 
4 
5 
252 
0 
3 
0 
5 
31 
6 
5 
260 
5 
0 
4 
0 
5 
0 
4 
7 
6 
6 
5 
22 
4 
22 
6 
0 
4 
5 
0 
0 
0 
4 
415 
29 
146 
4 
5 
0 
6 
548 
87 
5 
100 
4 
5 
0 
0 
185 
4 
4 
4 
105 
2 
5 
6 
49 
4 
140 
0 
3 
8 
5 
5 
267 
4 
4 
6 
4 
4 
4 
0 
0 
5 
0 
545 
3 
49 
5 
3 
4 
70 
5 
5 
0 
7 
78 
0 
8 
149 
4 
4 
5 
5 
4 
0 
8 
0 
6 
0 
4 
0 
89 
3 
0 
0 
4 
0 
0 
67 
4 
0 
0 
3 
5 
3 
7 
4 
2 
49 
200 
4 
5 
4 
19 
3 
3 
3 
4 
3 
5 
87 
5 
0 
4 
0 
0 
0 
7 
0 
0 
3 
0 
4 
4 
0 
4 
0 
110 
4 
0 
3641 
656 
4 
4300 
718 
4 
3 
6 
85 
65 
6 
3 
247 
5 
0 
0 
5 
0 
204 
6 
66 
4 
5 
4 
5 
109 
7 
0 
0 
8 
328 
3 
0 
6 
0 
4 
0 
5 
63 
4 
3 
4 
752 
5 
4 
4 
5 
4 
6 
4 
2 
3 
5 
4 
897 
5 
447 
4 
175 
4 
0 
0 
278 
4 
5 
4 
7 
34 
3 
5 
144 
0 
0 
159 
462 
4 
521 
21 
5 
5 
3 
67 
4 
3 
3 
2 
131 
2 
2 
5 
3 
129 
51 
4 
4 
28 
0 
3 
2 
2 
4 
7 
6 
5 
0 
167 
0 
2 
90 
6 
3 
0 
4 
0 
116 
3 
3 
0 
4 
119 
0 
6 
3 
100 
6 
8 
4 
6 
3 
4 
0 
5 
0 
6 
0 
0 
4 
0 
0 
4 
4 
6 
6 
5537 
4 
13529 
1022 
492 
608 
441 
4095 
18 
4 
5 
0 
5 
15 
55 
252 
187 
3 
0 
4 
0 
265 
7 
143 
4 
3 
3 
3 
4 
6 
7 
6 
8 
6 
77 
6 
0 
0 
6 
0 
235 
4 
227 
201 
85 
0 
4 
5 
0 
3 
130 
164 
5 
0 
6 
0 
3 
4 
3 
0 
4 
71 
163 
5 
0 
4 
0 
6 
0 
0 
5 
355 
116 
440 
0 
5 
272 
5 
4 
5 
12 
5 
4 
0 
0 
139 
0 
0 
5 
5 
4 
188 
0 
409 
7 
0 
4 
3 
282 
0 
4 
309 
4 
0 
5 
3 
164 
4 
2 
5 
3 
3 
0 
4 
4 
0 
29 
3 
18 
3 
5 
5 
0 
0 
3 
4 
3 
4 
4 
3 
53 
0 
4 
0 
2 
0 
5 
50 
4 
4 
114 
4 
0 
49 
87 
4 
551 
20 
4 
5 
5 
5 
28 
4 
4 
4 
5 
3 
4 
0 
4 
5 
4 
231 
5 
0 
4 
0 
4 
3 
258 
27 
0 
3 
0 
3 
0 
0 
4 
401 
4 
4 
3 
4 
3 
911 
3 
3 
6 
193 
0 
5 
0 
4 
10370 
0 
726 
759 
1176 
24 
1513 
11 
61 
24 
125 
127 
1823 
5 
69 
5 
7 
204 
1766 
5 
1339 
0 
4 
80 
3 
4 
282 
69 
3 
5 
3 
251 
226 
4 
3 
4 
0 
0 
5 
4 
176 
4 
4 
3 
5 
3 
4 
0 
0 
5 
0 
0 
227 
3 
5 
4 
3 
3 
4 
109 
0 
6 
80 
4 
6 
0 
3 
3 
337 
6 
5 
5 
4 
6 
5 
0 
98 
4 
6 
5 
3 
3 
3 
6 
6 
89 
0 
0 
0 
6 
7 
5 
277 
5 
4 
0 
5 
3 
6 
5 
0 
4 
4 
5 
5 
173 
3 
3 
2 
4 
2 
4 
113 
177 
3 
30 
4 
209 
5 
4 
0 
73 
4 
3 
130 
5 
8 
5 
6 
2 
89 
4 
0 
0 
6 
490 
3 
3 
152 
36 
3 
4 
5 
4 
25 
119 
54 
6 
8 
0 
6 
0 
4  
5703 
