16312 
1983 
3 
2281 
2 
0 
1 
4 
0 
2 
3 
0 
3 
3 
0 
38 
5 
0 
0 
0 
3 
3 
0 
5 
0 
6 
6 
0 
0 
5 
0 
0 
4 
0 
6 
0 
0 
6 
0 
6 
0 
0 
0 
0 
5 
0 
6 
0 
0 
4 
0 
2 
0 
0 
0 
0 
5 
4 
2 
0 
0 
0 
4 
4 
4 
4 
0 
5 
0 
4 
0 
2 
0 
0 
42 
5 
4 
0 
0 
5 
7 
7 
7 
0 
5 
5 
0 
4 
0 
4 
5 
254 
4 
0 
2 
24 
0 
0 
5 
0 
3 
5 
0 
3 
3 
53 
4 
4 
5 
585 
2 
4 
0 
4 
4 
4 
2 
3 
2 
0 
4 
0 
3 
0 
5 
0 
6 
0 
3 
3 
6 
3 
0 
0 
5 
0 
6 
6 
3 
0 
3 
3 
0 
0 
4 
0 
4 
9 
4 
4 
0 
0 
3 
0 
0 
4 
2 
4 
3 
0 
0 
0 
0 
3 
3 
3 
4 
3 
0 
2 
3 
0 
0 
5 
0 
0 
7 
4 
4 
0 
4 
4 
0 
0 
7 
0 
0 
6 
4 
0 
0 
4 
4 
0 
0 
5 
0 
3 
3 
3 
0 
0 
2 
0 
3 
0 
0 
0 
3 
0 
0 
4 
5 
0 
0 
0 
5 
58 
4 
5 
0 
3 
4 
0 
4 
73 
4 
0 
160 
4 
4 
0 
6 
0 
0 
2 
0 
0 
0 
2 
2 
0 
0 
4 
0 
0 
2 
3 
3 
0 
4 
45 
326 
4 
0 
4 
0 
0 
6 
0 
5 
3 
0 
0 
4 
0 
6 
0 
0 
0 
4 
7 
6 
5 
4 
3 
4 
4 
3 
5 
6 
3 
4 
2 
0 
0 
3 
4 
4 
4 
6 
4 
0 
4 
0 
0 
0 
5 
0 
0 
3 
0 
0 
4 
0 
0 
7 
6 
6 
6 
5 
4 
3108 
5 
0 
4442 
2 
5 
5 
3 
49 
5 
4 
3 
4 
5 
0 
5 
4 
0 
4 
3 
427 
4 
4 
98 
3 
0 
0 
4 
0 
6 
0 
4 
3 
3 
125 
4 
7 
4 
0 
0 
4 
2 
7 
7 
4 
0 
4 
0 
3 
4 
7 
6 
120 
3 
156 
2 
4 
5 
0 
0 
3 
5 
0 
5 
4 
0 
4 
0 
0 
0 
5 
4 
5 
0 
0 
25 
4 
0 
3 
3 
0 
4 
3 
3 
0 
4 
4 
0 
0 
5 
4 
179 
0 
7 
0 
5 
4 
3 
0 
0 
3 
0 
7 
6 
0 
0 
3 
0 
3 
3 
2 
4 
0 
0 
0 
0 
5 
4 
3 
0 
5 
0 
4 
3 
0 
5 
0 
4 
4 
4 
4 
0 
6 
5 
3 
5 
0 
4 
0 
5 
3 
5 
0 
7 
6 
3 
0 
4 
3 
3 
4 
0 
4 
0 
0 
6 
0 
0 
4 
0 
0 
5 
5 
0 
5 
4 
46 
0 
4 
0 
5 
0 
5 
4 
5 
0 
2 
35 
5 
0 
0 
4 
3 
0 
0 
2 
5 
5 
4 
0 
3 
7 
0 
6 
0 
6 
0 
0 
3 
3 
0 
6 
0 
5 
0 
6 
50 
4 
0 
0 
0 
3 
0 
0 
4 
4 
7 
4 
6 
4 
4 
4 
4 
2008 
0 
3 
0 
6 
0 
6 
0 
4 
6979 
3 
4 
5 
1153 
1263 
1542 
4 
416 
4480 
0 
4 
4 
4 
0 
6 
0 
7 
0 
3 
0 
0 
0 
3 
0 
0 
0 
3 
0 
3 
4 
0 
0 
0 
5 
0 
3 
5 
3 
0 
5 
0 
0 
3 
3 
73 
3 
4 
0 
3 
5 
5 
4 
0 
6 
5 
4 
5 
4 
4 
43 
0 
64 
3 
0 
6 
59 
4 
0 
0 
3 
0 
0 
3 
7 
0 
6 
3 
0 
0 
3 
0 
4 
0 
3 
0 
4 
0 
0 
4 
0 
5 
0 
4 
2 
0 
5 
0 
3 
0 
5 
4 
0 
4 
4 
3 
3 
0 
0 
3 
6 
0 
5 
4 
4 
4 
4 
0 
4 
0 
0 
3 
0 
4 
0 
7 
4 
0 
3 
6 
0 
0 
4 
0 
4 
0 
0 
4 
0 
4 
0 
0 
4 
4 
0 
0 
5 
0 
0 
3 
3 
3 
5 
182 
0 
4 
0 
0 
7 
0 
0 
6 
0 
0 
3 
0 
3 
266 
3 
3 
5 
0 
0 
4 
5 
5 
7811 
4 
975 
3 
0 
3 
48 
0 
5 
4 
3 
3 
4 
0 
4 
3 
0 
4 
0 
5 
0 
4 
5 
0 
3 
5 
3 
4 
0 
4 
0 
4 
6 
0 
0 
2 
0 
0 
3 
0 
0 
5 
5 
0 
0 
0 
7 
4 
5 
0 
0 
4 
99 
4 
0 
0 
4 
3 
0 
0 
3 
4 
0 
0 
0 
5 
3 
3 
0 
3 
0 
2 
0 
0 
3 
0 
0 
4 
0 
0 
6 
0 
0 
6 
0 
3 
3 
0 
3 
3 
8 
5 
0 
0 
0 
4 
0 
0 
5 
4 
0 
3 
4 
5 
5 
8 
0 
0 
4 
426 
4 
0 
6 
4 
0 
4 
5 
5 
5 
4 
3 
4 
0 
3 
4 
0 
0 
5 
3 
0 
3 
0 
6 
0 
6 
0 
15 
4 
0 
4 
0 
6 
8 
0 
5 
0 
723 
3 
267 
4 
296 
5 
0 
6 
0 
5 
3 
0 
3 
4 
0 
0 
4 
3 
0 
4 
4 
3 
0 
0 
5 
0 
3 
3 
269 
0 
3 
0 
6 
0 
4 
2 
0 
5 
0 
0 
3 
0 
7 
0 
0 
0 
3 
5 
0 
0 
0 
3 
0 
5 
0 
3 
0 
4 
0 
3 
0 
5 
2 
4 
4 
3 
0 
0 
4 
0 
4 
0 
3 
0 
3 
3 
3 
0 
4 
106 
0 
5 
0 
3 
0 
7 
48 
0 
238 
4 
6 
0 
522 
4 
0 
3 
4 
4 
4 
0 
3 
4 
3 
40 
5 
0 
0 
3 
0 
5 
0 
6 
4 
0 
4 
3 
0 
0 
0 
0 
5 
0 
0 
4 
0 
4 
5 
2 
0 
0 
4 
0 
3 
4 
0 
0 
0 
8 
0 
3 
0 
3 
5 
6 
6 
0 
0 
6 
4 
3 
0 
2 
0 
6 
0 
2 
3 
3 
6 
3 
3 
3 
0 
0 
0 
5 
0 
0 
3 
4 
0 
0 
3 
0 
4 
6 
0 
0 
3 
3 
3 
7 
4 
0 
6 
4 
4 
14604 
968 
1073 
231 
512 
3913 
2 
0 
4 
0 
3 
0 
6 
0 
4 
3 
3 
0 
3 
5 
3 
4 
5 
0 
0 
4 
0 
6 
61 
0 
4 
3 
0 
0 
0 
3 
0 
4 
12 
3 
0 
5 
0 
0 
7 
0 
3 
3 
0 
0 
4 
5 
0 
2 
0 
0 
4 
0 
7 
6 
4 
3 
0 
2 
6 
0 
3 
0 
4 
0 
0 
0 
80 
4 
0 
4 
0 
0 
0 
4 
4 
3 
4 
3 
73 
0 
3 
0 
7 
0 
7 
7 
7 
0 
5 
15 
4 
5 
6 
8 
6 
8 
0 
4 
445 
4 
4 
4 
0 
0 
5 
4 
0 
4 
0 
3 
0 
4 
0 
0 
0 
4 
0 
3 
5 
0 
0 
4 
0 
5 
4 
0 
0 
5 
0 
4 
3 
4 
0 
3 
4 
0 
5 
6 
4 
4 
36 
4 
0 
7 
0 
3 
0 
3 
5 
0 
3 
16 
5 
0 
5 
0 
0 
0 
0 
3 
6 
0 
0 
5 
0 
3 
3 
5 
5 
4 
4 
3 
2 
4 
4 
3 
0 
3 
0 
2 
3 
5 
0 
0 
0 
0 
4 
0 
0 
4 
0 
0 
5 
0 
4 
4 
3 
0 
7 
6 
5 
0 
4 
3 
4 
0 
4 
0 
4 
0 
4 
0 
5 
0 
0 
0 
4 
0 
3 
0 
3 
5722 
44 
778 
327 
3 
6 
1792 
6 
0 
0 
3 
5 
2 
0 
0 
0 
0 
4 
0 
0 
3 
73 
4 
3 
6 
0 
5 
0 
0 
0 
5 
5 
4 
0 
5 
5 
0 
4 
4 
4 
0 
5 
6 
0 
28 
3 
6 
4 
0 
103 
4 
2 
7 
7 
7 
0 
3 
0 
0 
4 
4 
18 
0 
3 
0 
0 
4 
4 
0 
4 
0 
4 
4 
5 
3 
0 
4 
4 
0 
0 
3 
4 
0 
3 
3 
5 
4 
3 
0 
6 
3 
4 
0 
4 
5 
0 
4 
4 
3 
49 
0 
0 
3 
3 
0 
4 
0 
5 
3 
6 
0 
3 
0 
3 
0 
4 
25 
0 
0 
4 
0 
2 
5 
0 
3 
3 
0 
3 
4 
3 
3 
3 
4 
0 
0 
5 
4 
4 
0 
5 
4 
0 
2 
2 
4 
0 
3 
3 
0 
5 
0 
0 
0 
3 
0 
0 
0 
0 
5 
0 
4 
4 
3 
5 
0 
3 
3 
3 
3 
0 
0 
5 
4 
3 
4 
3 
0 
3 
6 
3 
3 
0 
0 
4 
2 
0 
0 
0 
0 
4 
4 
0 
4 
45 
4 
5 
4 
0 
4 
4 
0 
0 
5 
6 
5 
4 
0 
4 
0 
4 
0 
4 
593 
5 
0 
0 
3 
0 
0 
0 
5 
0 
0 
3 
4 
5 
0 
0 
4 
0 
4 
0 
0 
8 
0 
5 
0 
0 
4 
0 
5 
5 
3 
4 
2 
5 
4 
4 
3339 
587 
1097 
