1284 
1227 
0 
4 
432 
1 
5 
3 
0 
2 
381 
191 
490 
833 
4 
4 
320 
4 
10 
3 
114 
3 
3 
206 
7 
7 
80 
4 
3 
4 
160 
4 
5 
205 
0 
4 
112 
0 
4 
102 
0 
4 
109 
3 
4 
6 
4 
5 
5 
3 
4 
3 
0 
5 
5 
3 
72 
0 
5 
171 
338 
0 
4 
170 
0 
4 
395 
0 
0 
2 
28 
4 
4 
0 
4 
52 
3 
3 
119 
274 
0 
6 
144 
0 
4 
5 
364 
4 
4 
202 
4 
0 
236 
177 
0 
4 
672 
0 
4 
714 
0 
5 
691 
3 
0 
595 
0 
8 
264 
3 
305 
0 
4 
331 
0 
7 
386 
0 
3 
129 
2 
4 
49 
4 
0 
226 
4 
5 
5 
6 
3 
0 
0 
6 
6 
3 
0 
7 
7 
0 
5 
247 
5 
4 
8 
0 
6 
8 
0 
5 
61 
0 
7 
0 
113 
4 
0 
6 
6 
6 
4 
3 
46 
2 
3 
3 
5 
3 
5 
0 
4 
0 
5 
3 
0 
3 
4 
0 
4 
4 
4 
4 
0 
6 
0 
4 
3 
5 
3 
0 
3 
3 
7 
0 
7 
0 
8 
0 
6 
324 
0 
7 
0 
7 
12 
0 
6 
4 
0 
4 
300 
5 
0 
4 
4 
5 
0 
5 
5 
0 
5 
4 
4 
0 
4 
0 
5 
3 
2 
4 
0 
3 
2 
0 
4 
0 
3 
0 
4 
348 
3 
6 
0 
4 
4 
0 
4 
0 
4 
7 
0 
4 
0 
4 
4 
4 
3 
0 
3 
33 
69 
4 
4 
5 
5 
3 
7 
3318 
4 
0 
4 
5 
3 
0 
7 
443 
0 
5 
0 
0 
4 
679 
3 
5 
4 
5 
3 
3 
4 
972 
3 
4 
124 
5 
0 
0 
5 
4 
79 
0 
3 
40 
0 
7 
65 
0 
4 
160 
5 
220 
4 
2 
174 
4 
4 
0 
3 
5 
5 
4 
6 
0 
8 
4 
4 
165 
3 
6 
4 
4 
3 
68 
0 
7 
307 
0 
5 
0 
283 
246 
0 
4 
167 
0 
5 
645 
0 
4 
0 
0 
4 
4 
0 
6 
5 
5 
0 
4 
7 
0 
5 
0 
7 
0 
8 
7 
4 
3 
0 
4 
3 
5 
7 
0 
4 
0 
4 
2 
7 
25 
4 
0 
5 
4 
0 
4 
4 
0 
5 
3 
4 
0 
152 
4 
4 
48 
0 
3 
7 
0 
5 
5 
0 
3 
132 
0 
2 
0 
5 
0 
4 
0 
5 
300 
6 
5 
0 
4 
0 
3 
6 
0 
4 
3 
0 
4 
0 
5 
96 
3 
5 
0 
0 
4 
0 
153 
4 
4 
0 
4 
3 
3 
938 
5 
4 
4 
4 
354 
7 
0 
5 
5 
419 
0 
3 
6 
106 
0 
7 
0 
6 
415 
0 
3 
0 
5 
7534 
5 
0 
3 
4 
0 
2 
1285 
0 
3 
3 
50 
0 
0 
5 
83 
0 
5 
4 
95 
0 
4 
4 
120 
0 
3 
4 
131 
4 
3 
0 
0 
4 
0 
4 
0 
5 
195 
6 
0 
93 
4 
6 
0 
5 
0 
0 
4 
52 
0 
2 
3 
0 
3 
311 
3 
3 
4 
0 
208 
5 
91 
0 
6 
4 
134 
0 
6 
5 
82 
0 
5 
0 
6 
5 
0 
5 
4 
90 
0 
6 
215 
6 
7 
6 
3 
361 
7 
318 
3 
93 
0 
3 
6 
162 
0 
3 
3 
79 
0 
4 
5 
0 
6 
0 
4 
5 
0 
6 
3 
176 
4 
4 
4 
4 
0 
169 
4 
3 
40 
0 
6 
3 
0 
4 
4 
424 
2 
0 
6 
4 
0 
7 
7 
0 
4 
0 
3 
4 
3 
6 
0 
0 
3 
0 
0 
4 
3 
0 
7 
0 
5 
4 
2 
0 
5 
5 
4 
0 
2 
0 
0 
4 
0 
3 
5 
3 
398 
5 
5 
4 
0 
4 
116 
6 
0 
7 
5 
102 
4 
5 
70 
6 
6 
81 
4 
4 
111 
0 
4 
7 
5 
0 
4 
7 
0 
4 
0 
5 
4 
300 
3 
4 
4 
4 
15 
5 
0 
413 
5 
3 
456 
3 
0 
3 
2 
229 
4 
0 
6 
6 
5 
4 
12 
0 
0 
4 
0 
4 
0 
4 
4 
0 
7 
18 
0 
53 
0 
49 
5 
5 
4 
6 
5 
211 
0 
15 
275 
3 
5 
0 
0 
4 
162 
0 
4 
0 
6 
6 
6 
0 
4 
159 
0 
4 
4 
5 
5 
13 
0 
4 
169 
6 
0 
3 
80 
4 
0 
4 
5 
180 
4 
0 
3 
334 
4 
0 
3 
344 
6 
0 
3 
3 
484 
5 
