8596 
2 
4 
84 
2 
3 
5 
3 
0 
3 
0 
3 
301 
2 
0 
4 
351 
2 
14 
3 
4 
5 
89 
0 
3 
409 
3 
5 
4 
61 
0 
7 
704 
0 
7 
178 
0 
6 
0 
373 
0 
6 
6 
35 
3 
0 
240 
0 
6 
163 
3 
0 
1047 
0 
0 
4 
925 
0 
4 
451 
4 
2 
439 
0 
8 
230 
0 
4 
3 
98 
0 
0 
6 
140 
0 
0 
5 
3 
80 
0 
3 
625 
0 
3 
242 
0 
3 
4 
57 
0 
2 
0 
225 
0 
0 
509 
0 
0 
8 
2116 
3 
8 
3 
0 
4 
107 
5 
0 
4 
167 
0 
0 
339 
0 
3 
97 
0 
2 
79 
0 
5 
167 
4 
3 
0 
2 
55 
0 
3 
86 
0 
4 
171 
1523 
0 
6 
810 
0 
4 
248 
0 
2 
231 
3 
0 
840 
5 
0 
1038 
3 
0 
4 
301 
0 
3 
0 
158 
0 
5 
125 
4 
8 
158 
0 
0 
3 
3 
19 
0 
186 
5 
5 
155 
188 
4 
0 
271 
0 
0 
925 
0 
7 
419 
0 
3 
243 
0 
5 
8860 
3 
6 
155 
6 
8 
174 
6 
102 
0 
563 
41 
0 
3 
146 
5 
420 
3 
631 
60 
0 
6 
176 
4 
4 
352 
6 
924 
4 
637 
3 
591 
3 
512 
0 
0 
546 
0 
0 
2233 
0 
0 
621 
107 
0 
0 
238 
3 
0 
776 
5 
3 
765 
0 
3 
688 
5 
0 
285 
203 
16 
5 
7 
0 
6 
6 
3 
3 
4 
225 
3 
4 
4 
0 
0 
4 
6 
5 
4 
3 
0 
3 
0 
4 
4 
342 
5 
6 
7 
0 
96 
0 
0 
404 
12 
126 
2 
5 
91 
0 
4 
435 
0 
2 
3 
515 
0 
5 
6 
3 
3 
141 
0 
0 
139 
10 
5 
6 
3 
3 
3 
4 
3 
2 
0 
3 
5 
4 
6 
7 
6 
0 
5 
0 
4 
0 
5 
5 
0 
4 
5 
5 
4 
6 
6 
3 
0 
268 
318 
2 
0 
4 
0 
315 
0 
3 
280 
0 
3 
361 
0 
0 
843 
6 
0 
551 
0 
0 
580 
0 
2511 
0 
0 
5 
720 
6 
7 
4 
3 
0 
3 
260 
0 
0 
779 
4 
4 
4 
395 
3 
152 
0 
7 
168 
0 
3 
624 
0 
2 
30 
0 
3 
0 
4 
0 
391 
5 
4 
4 
0 
3 
4 
56 
5 
4 
2 
3 
67 
4 
0 
3 
0 
223 
3 
24 
4 
5 
0 
4 
4 
4 
4 
3 
0 
134 
13373 
4 
38 
1052 
6 
1276 
642 
4346 
0 
36 
5 
4 
0 
6 
83 
3 
3 
108 
4 
28 
3 
4 
3 
0 
4 
0 
5 
4 
4 
0 
0 
4 
370 
4 
0 
4 
0 
4 
0 
0 
4 
5 
0 
0 
5 
4 
0 
4 
3 
5 
3 
5 
5 
3 
3 
0 
4 
2 
0 
5 
3 
0 
3 
2 
125 
5 
4 
0 
4 
3 
4 
4 
6 
4 
3 
3 
5 
0 
36 
3 
0 
4 
3 
0 
4 
648 
3 
4 
3 
3 
4 
3 
4 
0 
3 
5 
5 
0 
283 
0 
4 
0 
0 
5 
5 
10 
6 
5 
5 
8 
6 
0 
6 
26 
0 
8 
0 
118 
2 
0 
0 
4 
0 
4 
3 
5 
3 
44 
7 
4 
4 
91 
0 
5 
4 
0 
0 
4 
2 
79 
0 
5 
0 
340 
85 
94 
167 
4 
31 
70 
5 
0 
3 
3 
3 
0 
0 
4 
0 
5 
4 
4 
3 
7 
6 
6 
7 
5 
17 
3 
0 
140 
2 
5 
0 
6 
6 
6 
4 
0 
2 
3 
6 
6 
0 
4 
0 
157 
191 
2 
3 
0 
6 
3 
3 
0 
3 
0 
4 
3 
0 
3 
3 
11 
4 
0 
553 
3 
5 
0 
4 
4 
223 
0 
6 
5 
10 
0 
6 
7 
0 
9 
0 
6 
5 
4 
4 
39 
0 
4 
5 
5 
154 
3 
4 
0 
123 
4 
4 
3 
74 
3 
0 
0 
3 
4 
0 
0 
4 
76 
5 
3 
0 
919 
0 
0 
5 
148 
0 
0 
4 
7 
0 
5 
0 
4 
153 
0 
0 
4 
4 
4 
0 
0 
4 
4 
7 
0 
0 
490 
0 
0 
8670 
7 
367 
3 
3 
4 
7 
4 
3 
6 
96 
5 
52 
0 
4 
2 
176 
3 
3 
45 
0 
5 
98 
5 
0 
0 
0 
144 
3 
3 
8 
0 
0 
114 
3 
3 
7 
7 
0 
0 
0 
65 
5 
4 
4 
189 
3 
0 
339 
0 
4 
117 
0 
5 
348 
0 
3 
216 
0 
3 
134 
0 
4 
0 
4 
5 
132 
4 
4 
0 
0 
5 
3 
0 
113 
2 
3 
3 
3 
0 
4 
4 
0 
173 
142 
3 
385 
0 
6 
0 
3 
4 
3 
6 
6 
3 
0 
3 
4 
0 
3 
2 
0 
5 
6 
0 
4 
4 
0 
4 
0 
5 
0 
3 
70 
4 
0 
3 
0 
4 
4 
4 
299 
7 
5 
4 
4 
0 
3 
0 
3 
4 
0 
2 
0 
6 
4 
459 
141 
4 
3 
4 
4 
3 
3 
0 
4 
4 
4 
4 
113 
9 
0 
4 
0 
4 
4 
0 
4 
2 
0 
3 
4 
4 
4 
6 
0 
6 
0 
8 
0 
6 
0 
6 
6 
5 
0 
4 
0 
3 
4 
4 
5 
5 
3 
2 
3 
6 
6 
4 
4 
3 
3 
4 
0 
4 
4 
4 
5 
0 
0 
4 
5 
0 
5 
0 
3 
0 
4 
4 
6 
0 
4 
0 
4 
102 
0 
3 
3 
4 
3 
4 
3 
2 
0 
6 
0 
2 
0 
4 
5 
6 
6 
4 
3 
198 
6 
0 
3 
4 
3 
156 
0 
4 
4 
4 
3 
4 
3 
4 
0 
0 
3 
4 
0 
4 
4 
0 
0 
5 
0 
4 
0 
0 
7 
7 
6 
8 
32 
0 
4 
5 
5 
206 
4 
4 
3 
69 
0 
7 
6 
4 
3 
3 
0 
0 
6 
0 
60 
0 
5 
4 
62 
0 
4 
245 
0 
6 
0 
4 
2 
5 
0 
0 
4 
339 
0 
3 
150 
0 
4 
0 
0 
3 
0 
4 
2 
0 
7 
0 
45 
6 
4 
5 
3 
3 
3 
46 
0 
3 
3 
0 
102 
0 
4 
125 
0 
5 
140 
0 
3 
103 
0 
4 
56 
0 
4 
7 
4 
4 
0 
5 
0 
5 
8489 
4 
4 
4 
5 
4 
5 
4 
3 
4 
4 
8 
0 
5 
7 
6 
7 
0 
4 
3 
3 
0 
4 
6 
5 
0 
7 
124 
0 
3 
3 
0 
4 
4 
0 
4 
2 
0 
2 
3 
0 
3 
2 
515 
4 
4 
3 
262 
290 
0 
0 
4 
4 
0 
0 
7 
0 
6 
0 
7 
7 
4 
3 
2 
0 
5 
0 
6 
0 
4 
0 
5 
0 
3 
5 
4 
4 
0 
6 
5 
5 
4 
4 
4 
3 
4 
0 
4 
583 
0 
4 
121 
0 
3 
0 
8 
6 
4 
79 
7 
0 
8 
6 
106 
7 
8 
5 
0 
0 
3 
5 
4 
0 
6 
8 
0 
7 
0 
6 
0 
5 
5 
3 
4 
0 
3 
0 
3 
4 
0 
3 
5 
0 
5 
4 
3 
0 
7 
0 
7 
7 
6 
7 
0 
3 
4 
4 
0 
5 
0 
4 
3 
67 
4 
0 
6 
0 
4 
31 
4 
4 
0 
6 
10 
376 
5 
0 
3 
4 
0 
6 
3 
3 
145 
3 
0 
4 
4 
3 
4 
4 
4 
5 
0 
3 
5 
4 
0 
6 
6 
3 
2 
3 
0 
5 
2 
5 
0 
3 
3 
0 
7 
7 
8 
7 
7 
6 
0 
6 
7 
7 
3 
4 
4 
218 
6 
4 
4 
170 
2710 
2585 
