8594 
1004 
2347 
3 
0 
3 
0 
3 
0 
1 
0 
2 
2 
70 
13 
3 
5 
0 
2 
3 
4 
0 
5 
3 
3 
0 
0 
3 
274 
3 
132 
0 
2 
2 
5 
4 
3 
0 
171 
6 
6 
5 
157 
7 
4 
3 
0 
3 
0 
4 
0 
0 
3 
4 
5 
75 
4 
89 
3 
187 
2 
4 
0 
4 
0 
6 
0 
4 
0 
4 
121 
5 
3 
3 
0 
2 
6 
4 
0 
4 
0 
5 
0 
70 
131 
3 
0 
218 
5 
0 
5 
3 
5 
0 
4 
5 
0 
0 
5 
7 
12 
4 
4 
0 
54 
0 
4 
0 
5 
0 
5 
4 
5 
376 
57 
6 
0 
343 
4 
0 
5 
17 
4 
2 
5 
4 
183 
2 
2 
0 
5 
0 
4 
3 
0 
4 
3 
3 
3 
0 
0 
4 
0 
7 
1704 
81 
224 
68 
64 
56 
98 
180 
14 
40 
122 
90 
106 
400 
215 
2859 
3 
7 
5 
4 
4 
0 
1763 
4 
178 
4 
0 
5 
0 
4 
4 
97 
334 
5 
0 
140 
3 
0 
5 
4 
158 
0 
4 
4 
3 
3 
3 
78 
5 
88 
7 
158 
6 
5 
5 
0 
3 
26 
3 
0 
0 
4 
7 
41 
7 
5 
5 
2 
5 
483 
3 
184 
5 
0 
3 
0 
3 
4 
228 
0 
4 
5 
3 
4 
4 
0 
4 
4 
5 
3 
0 
4 
4 
0 
289 
0 
271 
4 
4 
4 
2 
0 
735 
0 
4 
3 
0 
62 
168 
0 
394 
3 
40 
3 
0 
3 
0 
8091 
4 
9812 
5 
378 
324 
1642 
291 
3100 
4 
3 
0 
8 
0 
110 
4 
0 
6 
5 
0 
4 
4 
0 
4 
0 
7 
0 
5 
0 
3 
4 
143 
4 
0 
0 
3 
0 
3 
0 
5 
0 
2 
3 
4 
0 
2 
198 
4 
4 
0 
5 
5 
4 
3 
68 
0 
4 
0 
0 
0 
5 
3 
3 
5 
0 
3 
0 
2 
0 
0 
484 
4 
585 
5 
147 
4 
0 
4 
0 
4 
7 
190 
3 
3 
0 
4 
4 
4 
0 
4 
0 
4 
0 
88 
85 
0 
4 
0 
48 
294 
3 
0 
0 
227 
0 
0 
0 
3 
0 
0 
2 
3 
333 
332 
4 
0 
0 
3 
0 
0 
8 
0 
0 
4 
0 
0 
4 
0 
52 
2 
3 
5 
0 
2 
953 
5 
113 
4 
2 
0 
3 
0 
3 
0 
3 
3 
0 
218 
3 
0 
0 
7 
0 
4 
0 
2 
0 
5 
0 
4 
0 
0 
2 
0 
4 
0 
3 
0 
3 
5 
6 
4 
3 
5 
0 
3 
0 
49 
4 
3 
0 
4 
152 
5 
3 
0 
4 
3 
0 
2 
6 
4 
3 
2 
0 
4 
0 
4 
0 
6 
0 
7 
0 
5 
0 
6 
0 
4 
0 
5 
0 
5 
0 
0 
4 
0 
4 
0 
3 
0 
3 
1457 
0 
5 
8690 
4 
2 
0 
2 
0 
2 
0 
3 
86 
4 
6 
0 
4 
3 
0 
5 
6 
5 
3 
0 
2 
0 
0 
2 
0 
0 
5 
42 
3 
146 
5 
4 
6 
4 
0 
2 
4 
6 
3 
285 
0 
4 
0 
3 
0 
5 
4 
3 
0 
101 
4 
0 
78 
0 
4 
0 
0 
111 
0 
3 
0 
3 
0 
0 
3 
2 
0 
4 
3 
4 
0 
3 
267 
3 
2 
3 
0 
6 
0 
4 
0 
4 
0 
6 
0 
3 
0 
4 
0 
5 
0 
0 
3 
88 
3 
2 
0 
4 
4 
5 
0 
5 
0 
4 
49 
3 
8 
3 
6 
0 
4 
42 
0 
0 
7 
0 
6 
4 
0 
3 
3 
4 
0 
3 
0 
0 
5 
5 
0 
4 
3 
115 
4 
178 
3 
4 
3 
14 
158 
0 
4 
0 
28 
404 
3 
0 
0 
4 
1674 
0 
11 
1403 
3 
0 
0 
322 
3 
4 
3 
155 
39 
33 
3015 
167 
543 
272 
4428 
273 
3 
0 
4 
5 
0 
24 
3 
4 
0 
249 
4 
3 
160 
3 
5 
3 
5 
411 
13 
307 
494 
6 
5 
4 
4 
0 
3 
0 
4 
0 
3 
87 
25 
4 
0 
3 
4 
2 
0 
0 
5 
0 
3 
0 
4 
0 
0 
4 
0 
5 
0 
3 
0 
0 
0 
4 
4 
3 
3 
0 
4 
4 
5 
7 
7 
5 
4 
4 
3 
3 
5 
5 
5 
3 
2 
3 
4 
0 
171 
5 
4 
0 
474 
0 
4 
3 
4 
4 
4 
257 
27 
5 
6 
0 
0 
64 
0 
3 
3 
3 
0 
5 
80 
43 
0 
3 
0 
191 
3 
4 
4 
3 
268 
5 
4 
3 
3 
3 
7 
0 
4 
4 
0 
3 
0 
60 
0 
4 
0 
3 
0 
5 
4 
0 
3 
4 
4 
2 
153 
7 
4 
4 
0 
38 
5 
3 
4 
0 
3 
203 
4 
3 
236 
9 
4 
3 
5 
6 
0 
4 
4 
0 
4 
0 
0 
0 
2 
0 
4 
0 
2 
0 
0 
4 
5 
4 
3 
3 
3 
3 
3 
221 
5 
4 
4 
0 
0 
220 
217 
0 
4 
801 
3 
278 
3 
42 
20 
5 
4 
4 
0 
0 
5 
