2917 
4 
16275 
3735 
2 
0 
4 
136 
308 
8 
3 
4 
4 
0 
5 
0 
25 
3 
3 
30 
0 
75 
3 
4 
3 
0 
4 
0 
0 
4 
3 
16 
0 
6 
142 
4 
3 
0 
4 
3 
92 
4 
4 
3 
292 
4 
0 
4 
4 
97 
0 
5 
3 
4 
2 
3 
2 
5 
4 
4 
0 
3 
23 
3 
185 
361 
5 
39 
0 
4 
22 
7 
7 
7 
0 
0 
0 
455 
136 
3 
147 
3 
4 
2 
9 
4 
0 
4 
5 
0 
0 
5 
3 
4 
0 
3 
0 
4 
0 
4 
6 
4 
0 
484 
3 
0 
6 
4 
106 
0 
10203 
4 
0 
2 
131 
3 
3 
0 
4 
68 
4 
763 
0 
3 
0 
6 
316 
179 
0 
3 
0 
2 
192 
3 
0 
3 
0 
3 
0 
7 
6 
0 
0 
6 
6 
4 
4 
4 
5 
7 
4 
5 
0 
14 
202 
5 
0 
205 
4 
3 
0 
0 
3 
0 
67 
5 
5 
5 
4 
6 
0 
155 
4 
5 
0 
4 
4 
0 
3 
0 
5 
6 
0 
0 
8 
0 
6 
4 
4 
4 
4 
6 
0 
0 
6 
482 
0 
4 
141 
35 
3 
0 
0 
3 
0 
3 
15 
0 
2 
0 
4 
0 
3 
0 
7 
0 
3 
3 
0 
1052 
0 
0 
6 
381 
224 
117 
4 
0 
250 
381 
243 
488 
12 
0 
26 
90 
7 
2 
0 
0 
2 
0 
0 
4 
0 
9 
3 
2 
0 
5 
241 
269 
4 
0 
77 
7 
0 
0 
4 
0 
4 
0 
4 
0 
7 
0 
4 
0 
4 
5 
4 
6 
5 
4 
4 
2 
4 
0 
3 
2 
0 
3 
0 
2 
0 
3 
4 
240 
3 
197 
4 
3 
2 
4 
3 
6 
4 
4 
0 
188 
0 
58 
18 
5 
3 
0 
0 
3 
0 
3 
0 
2 
4 
33 
0 
178 
3 
4 
5 
3 
0 
5 
2 
318 
0 
4 
4 
4782 
2051 
314 
5 
106 
3 
3 
3 
5 
0 
4 
0 
42 
4 
0 
4 
0 
0 
6 
0 
4 
9 
0 
5 
0 
5 
0 
5 
2 
2 
2 
0 
0 
6 
0 
6 
0 
96 
5 
4 
0 
4 
0 
3 
6 
0 
5 
0 
0 
3 
149 
0 
0 
4 
35 
124 
2 
0 
3 
6 
4 
0 
5 
0 
5 
35 
0 
0 
4 
0 
2 
0 
3 
0 
4 
3 
5 
4 
3 
0 
4 
16 
0 
4 
0 
35 
0 
2 
0 
5 
0 
4 
0 
3 
6 
4 
3 
4 
4 
0 
4 
0 
0 
4 
3 
3 
0 
42 
368 
260 
176 
4 
4 
0 
0 
7 
37 
0 
0 
4 
0 
5 
3 
273 
327 
4 
4 
0 
7 
888 
4 
4 
0 
4 
0 
4 
3 
3 
4 
2 
0 
0 
0 
3 
210 
172 
3 
47 
5 
184 
49 
2 
48 
4 
274 
5 
3 
5 
4 
1051 
64 
0 
6 
0 
7 
0 
579 
0 
3 
0 
0 
4 
5 
0 
4 
0 
4 
3 
0 
3 
3 
4 
0 
0 
2 
39 
1395 
7509 
611 
942 
724 
83 
931 
3 
5 
4 
134 
4 
1122 
1035 
1137 
438 
4 
3338 
5 
0 
91 
44 
105 
3 
33 
0 
0 
6 
5 
2 
615 
3 
3 
7 
4 
0 
2 
0 
4 
6 
5 
0 
2 
0 
3 
0 
4 
149 
4 
3 
3 
5 
3 
4 
4 
0 
201 
5 
5 
3 
129 
652 
318 
286 
19 
0 
0 
7 
59 
54 
7 
8 
309 
4 
5 
0 
4 
0 
4 
4 
0 
5 
4 
4 
0 
3 
0 
0 
44 
224 
183 
4 
3 
36 
42 
7 
62 
5 
4 
4 
4 
3 
0 
4 
0 
4 
0 
4 
3 
37 
4 
5 
4 
0 
2 
0 
7 
198 
0 
4 
223 
560 
357 
5 
3 
6 
0 
0 
3 
6 
4 
0 
4 
4 
0 
3 
3 
212 
3 
0 
235 
3 
92 
18 
43 
2 
2 
2 
4 
0 
4 
0 
6 
5 
4 
0 
416 
2 
9264 
290 
3 
0 
5 
81 
51 
5 
4 
4 
0 
72 
2 
5 
0 
236 
4 
3 
4 
4 
0 
43 
4 
4 
0 
3 
4 
5 
0 
223 
4 
42 
5 
4 
0 
3 
0 
580 
3 
0 
127 
3 
3 
3 
3 
0 
297 
2 
3 
3 
133 
4 
3 
3 
5 
7 
6 
161 
4 
2 
4 
2 
211 
3 
0 
316 
2 
5 
0 
4 
0 
4 
4 
0 
4 
0 
0 
3 
0 
4 
4 
0 
27 
5 
4 
4 
4 
3 
711 
0 
0 
0 
1212 
4 
0 
128 
3 
3 
2 
21 
232 
0 
2 
0 
0 
2 
0 
2 
0 
2 
5 
5 
0 
320 
3 
0 
2 
0 
133 
3 
3 
4 
3 
47 
15 
4 
0 
0 
4 
0 
5 
0 
4 
0 
3 
0 
5 
0 
9 
5 
293 
5 
184 
182 
5 
44 
5 
41 
4 
0 
2 
0 
2 
0 
3 
0 
0 
5 
149 
0 
0 
33 
77 
102 
0 
6 
0 
0 
122 
5 
0 
4 
0 
4 
0 
5 
0 
3 
0 
4 
0 
4 
3 
107 
0 
6 
4 
59 
0 
4 
170 
0 
5 
6 
0 
3 
23 
0 
4 
0 
8 
0 
8 
0 
3 
0 
5 
3 
4 
99 
0 
0 
4 
14 
3 
0 
3 
0 
107 
3 
5 
0 
0 
4 
5 
4 
0 
0 
0 
117 
7 
1824 
5216 
