4729 
2201 
3 
Game Start 
967 
2 
3 
2 
5 
0 
4 
3 
0 
3 
5 
0 
5 
0 
6 
4 
0 
6 
0 
3 
3 
3 
6 
7 
0 
4 
2 
4 
0 
5 
0 
4 
0 
5 
3 
0 
4 
0 
5 
0 
5 
0 
4 
3 
0 
5 
0 
5 
0 
5 
0 
5 
0 
6 
6 
0 
8 
5 
6 
3 
4 
3 
4 
0 
3 
3 
4 
3 
5 
4 
3 
0 
3 
4 
12 
4 
0 
6 
3 
0 
5 
0 
5 
4 
4 
3 
0 
4 
4 
4 
0 
4 
0 
4 
4 
0 
3 
5 
5 
3 
0 
5 
0 
6 
5 
5 
4 
0 
4 
3 
6 
3 
2 
4 
0 
6 
4 
3 
5 
3 
3 
3 
4 
5 
4 
0 
5 
3 
3 
0 
5 
0 
5 
4 
3 
0 
3 
3 
0 
2 
3 
0 
5 
0 
4 
5 
4 
3 
3 
4 
4 
0 
6 
0 
5 
0 
5 
4 
4 
5 
7542 
0 
7 
0 
7 
4 
3 
3 
5 
6 
4 
4 
0 
5 
0 
5 
5 
2 
3 
5 
3 
0 
4 
0 
5 
0 
3 
3 
4 
6 
5 
0 
4 
0 
5 
4 
4 
4 
4 
7 
6 
6 
0 
4 
4 
3 
4 
7 
7 
7 
0 
6 
0 
4 
3 
0 
4 
7 
4 
8 
5 
0 
3 
2 
4 
0 
4 
3 
4 
4 
4 
0 
5 
0 
4 
0 
3 
0 
0 
4 
0 
3 
0 
4 
0 
3 
0 
4 
0 
3 
4 
4 
5 
4 
4 
4 
0 
3 
0 
4 
36 
47 
2 
5 
6 
0 
6 
0 
6 
6 
6 
0 
5 
0 
3 
3 
6 
6 
4 
3 
5 
0 
4 
4 
0 
4 
4 
4 
0 
3 
2 
3 
0 
2 
4 
0 
4 
6 
5 
0 
4 
4 
3 
4 
3 
5 
0 
5 
5 
4 
0 
4 
5 
0 
7 
7 
8 
8 
7 
4 
4 
0 
4 
4 
5 
0 
6 
6 
7 
0 
5 
4 
5 
6 
3 
15102 
1748 
302 
533 
147 
Game Start 
5140 
0 
856 
0 
5 
135 
0 
5 
121 
0 
5 
0 
0 
103 
3 
3 
0 
124 
4 
5 
0 
0 
0 
0 
0 
5 
4 
0 
0 
0 
0 
0 
3 
0 
0 
0 
0 
1 
0 
5 
4 
0 
0 
0 
5 
0 
3 
0 
0 
5 
0 
7 
0 
0 
3 
0 
5 
0 
0 
3 
0 
0 
0 
5 
0 
2 
0 
0 
5 
0 
0 
0 
0 
5 
0 
4 
0 
0 
0 
4 
0 
0 
0 
4 
0 
0 
0 
0 
0 
4 
0 
4 
0 
0 
4 
4 
15 
0 
4 
0 
0 
4 
4 
31 
8 
0 
5 
0 
3 
0 
0 
72 
3 
0 
3 
5 
4 
0 
2 
4 
0 
0 
3 
0 
0 
6 
0 
0 
4 
0 
5 
3 
0 
0 
5 
23 
3 
0 
0 
3 
0 
5 
0 
0 
0 
0 
5 
4 
0 
0 
0 
0 
4 
0 
4 
0 
0 
5 
3 
0 
0 
3 
4 
0 
0 
4 
0 
0 
50 
0 
4 
4 
2 
0 
0 
5 
0 
4 
3 
6 
4 
0 
5 
4130 
Game Start 
5284 
68 
0 
0 
8 
0 
0 
6 
2 
0 
0 
3 
0 
4 
0 
0 
0 
5 
0 
0 
3 
0 
0 
0 
4 
0 
4 
0 
0 
0 
4 
0 
0 
0 
3 
0 
0 
0 
3 
0 
0 
5 
17 
4 
4 
0 
4 
0 
0 
0 
5 
19 
4 
68 
0 
5 
0 
4 
0 
0 
0 
5 
0 
0 
4 
0 
4 
0 
0 
9 
0 
0 
0 
5 
0 
4 
0 
4 
0 
0 
0 
4 
0 
5 
0 
0 
4 
4 
4 
0 
0 
2 
0 
0 
3 
0 
0 
0 
4 
4 
2 
3 
26 
3 
22 
0 
7 
4 
0 
4 
67 
6 
0 
0 
7 
0 
4 
37 
3 
5 
5 
0 
0 
7 
0 
5 
2 
0 
3 
138 
5 
0 
3 
3 
3 
4 
0 
0 
6 
0 
0 
3 
4 
3 
5 
0 
5 
4 
4 
3 
0 
3 
4 
0 
4 
2 
6 
4235 
4 
5 
5 
321 
4 
281 
5 
659 
0 
0 
5 
0 
0 
5 
