2744 
21 
14011 
5763 
8803 
2 
0 
2 
3 
110 
3 
0 
0 
4 
505 
0 
2 
3 
0 
31 
4 
3 
5 
49 
4 
5 
5 
4 
3 
191 
0 
2 
0 
6 
4 
3 
4 
3 
0 
5 
0 
0 
6 
0 
7 
0 
7 
0 
6 
5 
4 
3 
0 
5 
0 
6 
3 
95 
0 
4 
0 
112 
0 
4 
0 
46 
3 
4 
0 
15 
0 
4 
0 
0 
0 
2 
0 
332 
0 
4 
0 
58 
0 
4 
328 
0 
3 
0 
97 
0 
4 
946 
3 
4 
0 
1262 
0 
4 
123 
3 
0 
3 
77 
35 
5 
0 
4 
60 
4 
0 
3 
0 
5 
3 
5 
4 
0 
4 
0 
2 
0 
50 
4 
3 
5 
0 
0 
0 
3 
0 
70 
0 
2 
0 
4 
69 
0 
0 
184 
0 
3 
0 
7 
7 
0 
7 
5 
4 
4 
4 
4 
6 
5 
0 
8 
7 
5 
68 
0 
2 
0 
0 
65 
3 
0 
4 
0 
0 
5 
4 
0 
2 
0 
4 
3 
31 
0 
3 
0 
3 
0 
5 
0 
5 
4 
0 
4 
0 
4 
0 
3 
0 
3 
0 
4 
0 
5 
358 
0 
5 
0 
405 
6 
273 
0 
3 
0 
3 
2 
0 
2 
0 
2 
3 
4 
2 
4 
4 
2 
0 
2 
0 
3 
0 
4 
0 
3 
0 
5 
0 
3 
4 
0 
8 
25 
0 
5 
0 
178 
4 
0 
0 
3 
650 
0 
5 
0 
0 
4 
0 
6 
9688 
0 
2 
0 
35 
0 
2 
0 
89 
0 
8 
0 
76 
5 
0 
3 
0 
0 
5 
0 
369 
0 
3 
0 
4 
0 
0 
4 
0 
3 
3 
3 
0 
4 
5 
4 
0 
3 
0 
0 
5 
0 
7 
0 
6 
3 
15 
123 
4 
306 
3 
3 
0 
4 
0 
4 
0 
3 
4 
130 
0 
4 
121 
0 
4 
0 
7 
21 
73 
0 
4 
61 
3 
3 
5 
0 
5 
0 
3 
5 
0 
8 
0 
4 
0 
2 
0 
3 
17 
107 
4 
4 
3 
0 
5 
0 
4 
0 
4 
0 
0 
5 
10 
100 
98 
4 
0 
0 
4 
5 
0 
3 
0 
487 
0 
4 
0 
170 
0 
0 
6 
0 
8 
37 
4 
5 
271 
0 
4 
0 
157 
4 
3 
3 
2 
66 
3 
1904 
0 
0 
44 
75 
0 
3 
1429 
3 
0 
3 
3 
3 
3 
4 
6 
0 
13 
193 
0 
0 
5 
3 
101 
6 
4 
5 
0 
58 
0 
3 
2 
284 
3 
7 
0 
12 
291 
6 
0 
302 
2 
0 
3 
0 
3 
0 
4 
3 
0 
5 
6 
171 
3 
3339 
35 
8666 
2735 
489 
4633 
3 
3 
3 
0 
3 
4 
32 
0 
2 
0 
140 
0 
6 
46 
5 
0 
4 
0 
0 
3 
5 
46 
5 
0 
4 
159 
0 
140 
3 
0 
5 
0 
0 
5 
5 
231 
3 
0 
7 
128 
0 
5 
6 
341 
3 
0 
1315 
75 
4 
2 
268 
0 
6 
318 
0 
5 
4 
3 
107 
0 
5 
0 
8 
6 
7 
7 
0 
6 
184 
3 
0 
0 
114 
0 
0 
1059 
4 
4 
4 
4 
3 
5 
5 
0 
4 
4 
0 
4 
4 
4 
0 
4 
4 
0 
2 
4 
0 
5 
4 
0 
5 
6 
0 
593 
5 
8 
9 
7 
6 
6 
156 
4 
0 
0 
4 
4 
6 
3 
3 
5 
0 
988 
4 
0 
0 
4 
0 
4 
4 
5 
7 
0 
3 
0 
0 
4 
4 
0 
5 
0 
0 
4 
50 
535 
3 
0 
287 
5 
0 
329 
4 
669 
2 
4 
2 
3 
61 
52 
32 
191 
31 
0 
3 
196 
0 
2 
3 
0 
3 
6 
0 
5 
0 
4 
2 
86 
6 
0 
6 
0 
7 
6 
0 
3 
3 
0 
0 
4 
194 
0 
4 
4 
3 
4 
9306 
3 
3 
0 
4 
4 
26 
0 
3 
0 
532 
4 
2 
0 
3 
4 
0 
5 
951 
5 
4 
435 
3 
0 
5 
53 
3 
5 
6 
5 
3 
3 
0 
5 
0 
0 
0 
4 
5 
0 
0 
6 
4 
4 
0 
4 
828 
3 
923 
0 
4 
120 
5 
0 
0 
81 
4 
2 
5 
0 
116 
5 
164 
3 
2 
4 
3 
3 
5 
3 
3 
3 
5 
3 
542 
70 
216 
3 
3 
3 
3 
195 
0 
5 
0 
7 
105 
3 
3 
3 
4 
4 
0 
4 
0 
4 
4 
104 
47 
40 
419 
4 
0 
3 
4 
3 
3 
36 
4 
5 
56 
0 
3 
0 
340 
0 
6 
27 
1270 
3 
3 
3 
35 
6 
3 
4 
4 
0 
5 
306 
0 
50 
4 
4 
4 
3 
3 
54 
4 
0 
15 
4 
0 
149 
5 
0 
6 
466 
3 
4 
141 
4 
0 
0 
144 
6 
9375 
0 
5 
3 
406 
4 
0 
415 
3 
0 
41 
48 
61 
3 
0 
31 
0 
8 
150 
4 
0 
480 
3 
5 
0 
3 
0 
2 
0 
3 
443 
3 
167 
3 
4 
4 
0 
7 
7 
6 
6 
7 
9 
388 
0 
3 
4 
4 
5 
3 
0 
129 
2 
6 
0 
3 
290 
5 
0 
4 
3 
4 
0 
5 
4 
116 
0 
4 
325 
0 
584 
3 
3 
3 
0 
4 
0 
3 
516 
21 
4 
4 
5 
6 
7 
41 
6 
7 
0 
0 
2 
0 
0 
3 
188 
0 
3 
0 
5 
2 
3 
3 
5 
0 
4 
0 
485 
4 
191 
4 
3 
5 
0 
5 
18 
189 
0 
5 
100 
3 
0 
5 
0 
4 
3 
0 
6 
7 
7 
6 
5 
3 
0 
0 
4 
797 
0 
3 
618 
0 
4 
0 
386 
0 
5 
0 
4 
0 
4 
606 
0 
2 
0 
126 
4 
210 
63 
5 
3 
3 
54 
5 
142 
4 
5 
0 
615 
4 
0 
5 
0 
5 
7 
7 
0 
6 
0 
5 
4 
3 
0 
4 
194 
5 
59 
0 
3 
0 
3 
0 
5 
355 
5 
0 
1298 
3 
5 
184 
0 
3 
6 
4 
0 
7 
8 
5 
4 
12 
0 
4 
386 
5 
0 
295 
0 
0 
4 
0 
5 
5 
0 
3 
0 
