3427 
1465 
60 
919 
35 
53 
72 
42 
3 
3 
50 
4 
3 
0 
5 
5 
4 
0 
0 
5 
0 
4 
0 
3 
4 
4 
0 
21 
13 
5 
0 
0 
3 
3 
0 
0 
5 
6 
0 
3 
44 
4 
3 
0 
4 
0 
216 
0 
4 
0 
13 
0 
0 
0 
3 
0 
4 
0 
5 
0 
4 
0 
0 
4 
258 
3 
0 
126 
3 
0 
0 
2 
48 
0 
3 
6 
0 
4 
3 
0 
8 
23 
0 
0 
3 
0 
4 
5 
465 
0 
5 
0 
0 
6 
0 
0 
0 
2 
0 
4 
0 
3 
0 
88 
5 
5 
8 
0 
0 
0 
5 
5 
4 
0 
0 
245 
7 
9 
0 
4 
0 
4 
3 
0 
4 
0 
5 
0 
3 
4 
4 
5 
6 
0 
5 
7 
0 
0 
2 
0 
0 
8 
0 
253 
3 
3 
7576 
7 
6 
5 
0 
4 
0 
3 
0 
5 
0 
4 
0 
2 
0 
64 
4 
20 
0 
4 
0 
3 
0 
0 
5 
66 
3 
4 
0 
5 
0 
0 
3 
4 
4 
4 
4 
0 
3 
3 
0 
3 
5 
0 
4 
2 
3 
4 
4 
0 
0 
0 
4 
0 
5 
2 
5 
53 
4 
0 
4 
0 
5 
0 
6 
3 
0 
4 
3 
5 
4 
0 
0 
3 
5 
4 
5 
0 
62 
2 
4 
0 
4 
3 
0 
4 
0 
181 
5 
0 
5 
5 
0 
6 
5 
0 
6 
0 
5 
3 
0 
4 
0 
0 
3 
0 
0 
4 
5 
0 
3 
0 
39 
7 
0 
3 
3 
0 
0 
0 
6 
0 
4 
3 
0 
4 
7 
0 
4 
0 
2 
3 
2 
5 
4 
17 
0 
5 
6 
6 
203 
4 
2 
5 
16 
173 
0 
3 
0 
1 
6 
0 
157 
4 
0 
0 
2 
0 
0 
4 
0 
5 
0 
704 
5 
3 
0 
5 
2 
0 
3 
0 
4 
0 
0 
4 
0 
3 
2 
3 
5 
3 
4 
6 
2 
3 
4 
3 
6 
4 
4 
3 
2 
41 
2 
8 
0 
0 
4 
3 
2 
0 
25 
0 
5 
0 
5 
0 
4 
0 
0 
0 
4 
0 
4 
0 
0 
6 
0 
4 
0 
3 
4 
4 
10195 
79 
6 
7 
7 
6 
7 
4 
15 
19 
17 
4 
4 
33 
4 
6 
0 
3 
5 
0 
5 
0 
0 
6 
3 
0 
86 
3 
0 
4 
0 
3 
0 
0 
0 
4 
0 
2 
5 
0 
4 
0 
5 
0 
3 
5 
0 
29 
5 
0 
3 
0 
3 
0 
3 
5 
7 
373 
0 
3 
131 
5 
97 
4 
4 
0 
0 
3 
3 
0 
4 
0 
5 
4 
0 
2 
196 
0 
4 
4 
3 
140 
3 
0 
5 
0 
3 
0 
95 
5 
78 
4 
0 
4 
0 
4 
0 
0 
5 
0 
5 
0 
0 
4 
0 
5 
0 
4 
0 
3 
0 
3 
4 
0 
5 
12 
68 
0 
35 
4 
96 
4 
0 
709 
3 
6 
0 
4 
4 
4 
0 
7 
2 
2 
0 
4 
50 
0 
345 
0 
0 
3 
0 
0 
3 
0 
5 
3 
112 
0 
6 
6 
63 
45 
3 
5 
4 
0 
0 
4 
2 
0 
158 
3 
4 
3 
3 
0 
4 
4 
0 
6 
5 
0 
5 
0 
132 
3 
3 
0 
0 
2 
5 
3 
4 
0 
4 
7 
0 
5 
3 
0 
2 
3 
6 
3 
0 
15 
7 
5 
3 
3 
0 
87 
6 
3 
3 
3 
0 
0 
163 
85 
5 
4 
2 
2 
4 
4 
3 
6 
3 
0 
2 
0 
5 
4 
192 
5 
0 
3 
0 
4 
7 
7 
7 
3 
0 
4 
0 
5 
4 
0 
966 
30 
2 
3 
5 
70 
45 
2 
5 
0 
3 
4 
0 
4 
0 
3 
0 
5 
0 
4 
0 
5 
3 
4 
18785 
1596 
1816 
474 
2273 
0 
4 
4 
81 
63 
74 
50 
58 
29 
10 
56 
5 
3 
3 
4 
4 
5 
0 
7 
6 
3 
0 
2 
0 
5 
6 
3 
0 
3 
0 
6 
0 
3 
0 
0 
3 
259 
4 
3 
52 
0 
3 
129 
5 
0 
5 
0 
5 
83 
0 
3 
0 
0 
4 
0 
0 
3 
0 
170 
4 
3 
6 
7 
7 
5 
0 
3 
0 
0 
4 
4 
51 
3 
0 
7 
74 
4 
2 
0 
3 
4 
4 
3 
3 
0 
4 
0 
4 
73 
5 
0 
19 
6 
5 
5 
3 
0 
3 
0 
8 
6 
7 
4 
3 
0 
2 
0 
2 
80 
9 
6 
4 
6 
6 
5 
0 
0 
3 
5 
6 
1630 
4 
3 
4 
0 
0 
5 
4 
5 
4 
5 
0 
0 
0 
3 
116 
0 
4 
0 
6 
95 
0 
4 
0 
0 
8 
0 
5 
0 
3 
34 
5 
6 
8 
6 
4 
3 
0 
946 
2 
4 
0 
0 
4 
154 
28 
10 
5 
6 
0 
4 
0 
0 
3 
0 
3 
0 
91 
5 
4 
3 
6 
0 
4 
0 
0 
3 
0 
0 
4 
0 
3 
0 
5 
0 
7 
0 
11 
29 
4 
4 
3 
4 
0 
4 
3 
5 
3 
2 
0 
4 
0 
0 
3 
0 
4 
556 
3 
3 
6 
5 
5 
6 
0 
72 
6 
0 
5 
0 
5 
13 
3 
4 
4 
3 
4 
0 
6 
4 
3 
4 
4 
4 
4 
4 
6 
3 
4 
5 
4 
6 
0 
6 
0 
8 
4 
88 
4 
78 
6 
5 
0 
3 
4 
2 
0 
4 
3 
0 
0 
4 
0 
2 
0 
6 
0 
0 
4 
4 
2 
0 
0 
6 
0 
2 
31 
3 
0 
3 
5 
0 
0 
3 
0 
5 
64 
5 
0 
3 
6 
0 
4 
0 
6 
5 
4 
5 
3 
0 
0 
31 
4 
54 
0 
0 
7 
0 
0 
3 
2 
0 
5 
6 
0 
4 
0 
3 
7197 
3 
4 
3 
4 
434 
190 
72 
64 
62 
22 
2 
39 
5 
4 
5 
0 
4 
4 
0 
0 
0 
6 
4 
0 
4 
4 
0 
0 
5 
64 
4 
3 
6 
0 
0 
7 
0 
4 
4 
0 
4 
0 
6 
4 
4 
0 
0 
3 
0 
7 
0 
7 
30 
4 
4 
3 
2 
2 
5 
4 
0 
0 
4 
7 
4 
0 
5 
4 
0 
0 
4 
27 
3 
0 
0 
4 
0 
3 
0 
4 
3 
2 
0 
0 
6 
8 
7 
81 
4 
4 
6 
0 
7 
0 
2 
0 
27 
4 
4 
0 
3 
0 
3 
0 
0 
4 
0 
5 
3 
5 
2 
3 
3 
4 
0 
3 
2 
5 
0 
4 
0 
0 
3 
0 
5 
90 
4 
6 
3 
0 
2 
12 
2 
0 
0 
5 
0 
3 
0 
3 
3 
0 
5 
4 
5 
3 
1270 
3 
0 
2 
78 
38 
4 
5 
5 
2 
5 
0 
7 
5 
3 
7 
58 
6 
0 
4 
0 
4 
4 
27 
53 
5 
6 
0 
0 
0 
4 
0 
0 
4 
0 
0 
98 
5 
4 
2 
0 
0 
4 
67 
215 
4 
4 
