2837 
2
4030 
1 
6 
2 
3 
2 
4 
1 
2 
2 
2 
4 
3 
0 
0 
8 
7 
5 
5 
3 
346 
45 
18 
22 
33 
14 
5 
4 
4 
5 
0 
4 
381 
0 
4 
109 
5 
345 
0 
391 
0 
3 
323 
0 
4 
288 
0 
702 
1123 
8 
100 
960 
3 
65 
72 
100 
48 
169 
426 
290 
350 
3666 
121 
345 
15 
4 
4 
20 
47 
289 
426 
373 
308 
583 
568 
5 
662 
502 
39 
44 
136 
60 
5 
4 
0 
66 
35 
176 
529 
414 
2013 
14 
360 
497 
42 
305 
664 
0 
422 
0 
3 
516 
0 
0 
1199 
86 
40 
440 
64 
7 
92 
52 
129 
112 
10841 
376 
12 
4 
35 
26 
111 
148 
606 
43 
5 
56 
29 
140 
256 
279 
342 
44 
147 
68 
154 
8 
6 
25 
6 
326 
4 
0 
2345 
0 
4 
700 
3 
3 
11 
3 
395 
72 
22 
139 
1700 
2 
3 
641 
0 
4 
1126 
0 
758 
313 
0 
3 
0 
289 
2 
0 
3 
0 
272 
150 
51 
43 
103 
4 
172 
148 
11 
116 
48 
188 
6035 
4 
5 
90 
3 
123 
0 
3 
0 
42 
22 
10 
2469 
11 
7 
9 
13 
30 
5 
366 
0 
5 
96 
35 
42 
124 
772 
23 
130 
232 
281 
42 
291 
17 
3 
50 
108 
243 
242 
292 
2302 
326 
3 
162 
49 
310 
8750 
92 
4 
11 
8 
3 
10 
4 
181 
16 
27 
5 
5 
4 
4 
93 
132 
22 
2 
5 
9 
12 
69 
56 
39 
69 
23 
68 
150 
3 
611 
183 
23 
4 
26 
119 
171 
244 
2067 
50 
59 
43 
8 
64 
21 
3 
252 
390 
394 
4 
840 
27 
25 
70 
2 
158 
32 
5 
4 
1783 
4 
4 
6 
1279 
3 
4 
4 
2 
5 
1226 
471 
285 
62 
22 
5 
76 
33 
112 
67 
3075 
34 
82 
17 
470 
767 
21 
11 
17 
17 
15 
6 
1953 
488 
428 
581 
8 
2221 
111 
0 
4 
0 
4 
4 
4 
4 
0 
3 
204 
61 
171 
20 
132 
236 
83 
401 
24 
4 
16 
29 
189 
490 
842 
889 
0 
1569 
2 
197 
70 
52 
75 
39 
861 
815 
1790 
4 
66 
19 
188 
180 
2 
175 
313 
46 
2663 
8 
80 
5 
192 
1731 
118 
50 
35 
91 
26 
67 
234 
37 
33 
26 
3 
3 
15 
4 
13 
279 
17 
3 
14 
32 
10 
5 
101 
34 
51 
8 
11274 
66 
389 
101 
349 
697 
4 
2 
3 
710 
4 
0 
4 
38 
42 
37 
5 
76 
20 
192 
44 
4 
545 
502 
0 
3 
297 
748 
912 
136 
23 
28 
3959 
32 
24 
6 
226 
1153 
477 
185 
49 
247 
48 
320 
77 
41 
23 
207 
252 
0 
5 
0 
4 
0 
4 
4 
5 
5 
5 
0 
77 
20 
685 
4 
117 
21 
148 
24 
38 
39 
5 
203 
2 
6 
1548 
54 
241 
169 
270 
28 
1005 
511 
256 
24 
3 
5 
