7139 
5 
478 
288 
6827 
3 
1388 
1504 
2132 
4 
3 
0 
0 
3 
0 
0 
3 
0 
0 
3 
0 
38 
4 
6 
0 
3 
0 
0 
4 
0 
0 
27 
3 
53 
4 
0 
4 
0 
0 
4 
0 
4 
0 
5 
5 
5 
3 
4 
0 
5 
0 
182 
4 
0 
0 
0 
6 
0 
5 
0 
0 
0 
0 
4 
0 
0 
0 
0 
3 
0 
0 
7 
0 
7 
7 
0 
0 
0 
0 
0 
5 
0 
0 
0 
5 
0 
0 
0 
2 
0 
3 
5 
0 
0 
3 
0 
3 
2 
0 
0 
4 
0 
4 
0 
0 
6 
5 
0 
0 
0 
3 
0 
6 
0 
6 
0 
6 
0 
3 
0 
4 
0 
0 
0 
6 
0 
4 
0 
0 
5 
0 
19 
0 
0 
5 
0 
0 
0 
4 
0 
0 
3 
0 
0 
4 
0 
0 
3 
3 
4 
0 
0 
0 
3 
0 
5 
3 
3 
0 
0 
0 
0 
6 
0 
0 
7 
0 
0 
5 
0 
0 
3 
0 
0 
0 
3 
0 
0 
4 
2 
0 
2 
2 
208 
0 
0 
3 
4 
0 
3 
0 
5 
0 
0 
3 
0 
0 
0 
4 
0 
0 
5 
0 
4 
0 
0 
3 
0 
0 
3 
0 
3 
5 
0 
0 
0 
3 
0 
0 
5 
5 
0 
0 
0 
4 
0 
0 
3 
0 
0 
8 
6 
0 
0 
0 
5 
0 
0 
0 
4 
0 
0 
0 
3 
0 
0 
0 
5 
0 
3 
0 
4 
0 
4 
3 
0 
0 
0 
5 
0 
0 
0 
3 
0 
0 
3 
4 
0 
3 
0 
0 
5 
0 
0 
4 
0 
0 
6 
0 
0 
0 
6 
0 
5 
0 
4 
0 
4 
0 
6 
7 
7 
23 
7 
7 
0 
3 
3 
0 
4 
0 
3 
0 
4 
0 
0 
5 
0 
3 
0 
0 
4 
0 
0 
0 
4 
0 
0 
4 
0 
0 
0 
4 
0 
5 
0 
3 
0 
0 
7 
0 
0 
0 
6 
0 
4 
0 
5 
4358 
3 
6 
0 
14 
2 
4984 
0 
0 
4 
0 
0 
0 
3 
0 
4 
5 
5 
3 
5 
0 
3 
4 
4 
281 
5 
4 
186 
0 
2 
0 
4 
0 
3 
6 
0 
0 
3 
0 
4 
0 
0 
0 
3 
0 
0 
5 
0 
0 
0 
4 
0 
0 
6 
0 
0 
0 
0 
4 
0 
0 
4 
0 
2 
0 
0 
0 
5 
0 
0 
3 
0 
5 
7 
8 
7 
6 
0 
0 
0 
7 
0 
0 
4 
0 
0 
0 
7 
5 
0 
0 
4 
0 
0 
4 
0 
0 
0 
4 
0 
0 
3 
0 
0 
0 
4 
0 
3 
0 
4 
0 
5 
0 
0 
0 
4 
0 
0 
6 
0 
3 
4 
0 
0 
0 
3 
0 
6 
0 
0 
4 
3 
0 
0 
0 
8 
0 
0 
0 
4 
0 
0 
0 
0 
7 
0 
0 
2 
0 
4 
5 
0 
4 
0 
4 
0 
4 
0 
4 
0 
0 
0 
3 
0 
4 
5 
0 
0 
4 
0 
5 
0 
0 
3 
0 
6 
4 
0 
0 
2 
0 
0 
0 
4 
4 
3 
0 
0 
6 
5 
0 
4 
3 
0 
0 
0 
0 
0 
7 
0 
0 
5 
4 
70 
2 
15015 
567 
29 
92 
26 
116 
611 
8 
448 
1983 
3 
5 
4 
498 
4 
4 
4 
5 
6 
3 
3 
0 
0 
6 
6 
5 
8 
4 
0 
0 
5 
0 
0 
0 
4 
0 
0 
6 
0 
0 
0 
3 
4 
4 
4 
0 
4 
0 
0 
3 
0 
0 
5 
4 
0 
0 
0 
4 
0 
2 
0 
0 
46 
6 
0 
0 
4 
4 
0 
0 
6 
6 
10 
5 
0 
7 
0 
0 
0 
3 
0 
0 
6 
0 
0 
5 
0 
0 
4 
2 
5 
5 
4 
3 
3 
5 
3 
4 
4 
3 
0 
4 
4 
4 
989 
2 
0 
4 
0 
0 
4 
0 
0 
4 
0 
4 
0 
4 
0 
6 
0 
0 
8 
6 
0 
7 
0 
6 
0 
0 
0 
5 
0 
0 
0 
4 
0 
4 
0 
0 
4 
0 
0 
0 
0 
4 
0 
0 
3 
0 
0 
0 
6 
0 
8 
5 
0 
0 
2 
5 
0 
0 
0 
0 
6 
0 
0 
3 
0 
5 
5 
0 
0 
5 
0 
6 
0 
6 
5 
0 
0 
0 
5 
0 
0 
0 
3 
0 
0 
4 
0 
4 
0 
4 
4 
0 
0 
0 
5 
7 
0 
7 
4 
3 
3 
0 
0 
8 
0 
0 
0 
4 
0 
5 
0 
0 
5 
4 
2 
0 
5 
0 
0 
5 
0 
0 
4 
4 
862 
4 
3 
7 
5 
8 
5 
10 
6 
6 
5 
8 
681 
932 
4 
48 
6 
3 
51 
76 
53 
4 
4 
167 
105 
7 
5 
4 
0 
0 
3 
7 
5 
2 
4 
0 
4 
4 
5 
0 
7 
7 
4 
4 
3 
0 
0 
4 
0 
0 
2 
0 
2 
0 
0 
4 
0 
4 
0 
4 
0 
4 
4 
4 
4 
0 
0 
4 
0 
0 
5 
0 
4 
0 
3 
3 
4 
2 
4 
3 
4 
2 
4 
4 
0 
4 
3 
0 
3 
6 
0 
0 
0 
4 
0 
0 
5 
0 
0 
5 
0 
0 
0 
5 
0 
0 
4 
0 
0 
2 
0 
0 
4 
0 
3 
0 
3 
0 
4 
0 
8 
7 
7 
0 
3 
3 
4 
4 
5 
0 
6 
3 
3 
3 
4 
6 
0 
0 
3 
0 
0 
3 
2 
1828 
3 
4 
90 
0 
4 
0 
0 
0 
6 
0 
0 
0 
7 
0 
0 
2 
4 
3 
5 
0 
0 
4 
0 
0 
0 
3 
0 
0 
6 
0 
4 
0 
0 
0 
6 
0 
0 
0 
4 
0 
0 
4 
4 
3 
0 
0 
0 
0 
7 
0 
0 
0 
4 
0 
0 
0 
4 
3 
0 
0 
4 
4 
0 
0 
0 
4 
0 
0 
0 
0 
4 
0 
4 
0 
0 
0 
3 
3 
0 
0 
0 
0 
0 
5 
0 
0 
5 
0 
3 
3014 
4810 
6 
4 
4 
4 
4 
5 
7 
5 
4 
5 
4 
0 
5 
6 
0 
4 
0 
0 
3 
0 
0 
0 
3 
0 
4 
7 
0 
3 
0 
5 
4 
5 
0 
0 
4 
0 
0 
4 
0 
0 
3 
0 
0 
5 
4 
0 
3 
0 
4 
0 
0 
4 
0 
0 
0 
5 
0 
0 
4 
0 
4 
0 
0 
0 
5 
0 
0 
7 
6 
8 
5 
0 
4 
0 
4 
2 
0 
5 
3 
0 
0 
4 
4 
4 
0 
2 
0 
5 
3 
0 
4 
3 
3 
0 
5 
0 
0 
4 
4 
0 
6 
6 
0 
0 
6 
0 
4 
0 
0 
0 
36 
0 
7 
7 
0 
7 
0 
4 
0 
3 
0 
4 
2 
0 
3 
0 
5 
4 
0 
5 
0 
5 
5 
3 
4 
153 
5 
0 
0 
4 
0 
0 
5 
0 
0 
8 
4 
7 
6 
0 
7 
0 
0 
0 
4 
3 
5 
0 
6 
162 
0 
0 
0 
0 
7 
0 
4 
2 
0 
3 
5 
569 
0 
0 
4 
0 
25 
7 
27 
3 
4 
4 
362 
0 
0 
3 
0 
0 
0 
0 
5 
0 
57 
4 
0 
4 
0 
0 
0 
6 
0 
0 
0 
0 
3 
0 
0 
7 
4 
0 
2 
0 
0 
5 
0 
0 
4 
4 
4 
3 
5 
0 
4 
0 
0 
0 
4 
0 
4 
0 
0 
0 
4 
0 
0 
4 
0 
0 
5 
0 
0 
5 
3 
4 
0 
0 
0 
4 
0 
3 
4 
0 
0 
5 
0 
0 
5 
4 
