3041 
65 
6561 
1546 
3 
0 
2 
0 
710 
0 
2 
0 
114 
2 
3 
3 
0 
74 
5 
14 
220 
3 
5 
5 
6 
8 
0 
60 
6 
77 
4 
5 
0 
4 
4 
0 
5 
0 
0 
4 
0 
0 
3 
0 
3 
0 
2 
3 
3 
4 
3 
0 
3 
0 
2 
5 
4 
3 
3 
4 
0 
4 
3 
0 
3 
0 
4 
4 
0 
4 
0 
6 
0 
2 
0 
6 
0 
0 
8 
8 
0 
5 
0 
6 
0 
4 
3 
3 
4 
0 
4 
7 
6 
4 
3 
0 
0 
4 
0 
0 
4 
0 
5 
0 
4 
0 
5 
0 
0 
5 
0 
2 
0 
5 
0 
4 
0 
0 
4 
0 
0 
4 
0 
4 
0 
3 
0 
4 
4 
0 
4 
0 
8 
7 
0 
7 
0 
11 
0 
5 
0 
4 
0 
5 
0 
4 
0 
4 
0 
4 
0 
4 
0 
0 
4 
0 
4 
5 
0 
5 
0 
3 
0 
4 
4 
0 
5 
0 
4 
0 
0 
5 
0 
3 
0 
4 
57 
0 
7 
0 
8 
7 
0 
7 
0 
4 
0 
3 
0 
0 
5 
4 
4 
0 
4 
0 
5 
7 
0 
3 
0 
3 
0 
4 
0 
2 
0 
4 
0 
4 
0 
5 
4 
0 
4 
0 
3 
5 
4 
4 
3 
3 
5 
4 
4 
4 
3 
4 
2 
0 
4 
4 
3 
3 
3 
0 
5 
0 
8 
5 
5 
4 
0 
4 
0 
4 
0 
5 
0 
3 
0 
5 
3 
5 
4 
4 
5 
4 
4 
3 
0 
2 
3 
1352 
3 
2 
3358 
2 
4 
2566 
4 
3 
4 
3 
3 
4 
37 
0 
3 
0 
4 
0 
7 
0 
6 
0 
7 
0 
0 
7 
4 
0 
4 
0 
4 
3 
0 
3 
0 
5 
0 
4 
0 
3 
0 
4 
0 
5 
0 
4 
0 
3 
0 
4 
4 
0 
4 
4 
0 
3 
0 
2 
5 
4 
0 
5 
0 
4 
0 
3 
0 
4 
0 
3 
0 
5 
0 
4 
4 
4 
0 
5 
3 
4 
4 
3 
6 
4 
0 
6 
7 
5 
2 
3 
0 
4 
0 
3 
4 
4 
3 
3 
4 
3 
0 
5 
6 
4 
6 
6 
0 
4 
4 
4 
4 
4 
7 
6 
7 
6 
5 
3 
3 
4 
5 
5 
3 
3 
3 
3 
0 
5 
0 
2 
0 
5 
0 
3 
0 
4 
0 
4 
0 
3 
0 
5 
0 
3 
5 
7 
9 
3 
4 
0 
5 
4 
4 
0 
4 
0 
0 
5 
5 
0 
4 
0 
3 
0 
4 
0 
2 
5 
3 
2 
0 
4 
0 
4 
0 
5 
0 
4 
0 
0 
4 
4 
4 
3 
0 
3 
0 
4 
0 
2 
0 
4 
0 
4 
0 
4 
0 
5 
0 
4 
0 
5 
4 
0 
4 
0 
4 
0 
4 
4 
0 
4 
0 
0 
4 
4 
4 
0 
4 
0 
2 
0 
6 
0 
4 
4 
4 
17 
0 
5 
3 
2 
3 
0 
2 
1649 
3 
7879 
4 
0 
3 
0 
4 
0 
5 
0 
5 
4 
4 
0 
4 
4 
4 
5 
5 
4 
663 
4 
4 
0 
4 
0 
4 
0 
5 
4 
0 
3 
0 
7 
0 
4 
0 
5 
0 
0 
5 
5 
0 
7 
0 
0 
7 
0 
4 
4 
5 
0 
5 
0 
4 
0 
4 
4 
0 
5 
0 
0 
0 
3 
0 
3 
3 
0 
5 
0 
0 
4 
0 
0 
4 
0 
3 
0 
2 
3 
417 
4 
4 
3 
272 
3 
3 
124 
0 
0 
4 
0 
2 
0 
0 
5 
0 
7 
0 
7 
0 
3 
0 
4 
0 
27 
0 
3 
0 
4 
62 
3 
0 
0 
4 
0 
4 
0 
4 
0 
3 
0 
5 
0 
5 
0 
4 
4 
0 
0 
5 
3 
3 
3 
0 
6 
0 
3 
0 
3 
0 
7 
99 
0 
2 
0 
5 
0 
3 
3 
0 
4 
0 
5 
7 
4 
0 
4 
0 
4 
0 
4 
0 
3 
0 
665 
6 
12688 
5 
1204 
7 
4895 
3 
691 
915 
2553 
5 
2267 
5 
1433 
4 
5 
0 
7 
0 
5 
5 
6 
3 
0 
6 
4 
0 
2 
0 
4 
4 
4 
0 
3 
0 
4 
0 
3 
5 
5 
0 
4 
0 
4 
0 
6 
0 
6 
0 
6 
7 
6 
0 
4 
4 
0 
4 
0 
5 
109 
3 
0 
4 
0 
3 
0 
4 
5 
4 
3 
5 
3 
5 
5 
3 
2 
0 
4 
6 
0 
3 
0 
4 
0 
5 
0 
0 
4 
4 
5 
3 
4 
0 
4 
0 
4 
4 
3 
6 
7 
7 
7 
0 
8 
6 
6 
0 
7 
0 
6 
0 
3 
0 
0 
4 
0 
5 
0 
2 
0 
4 
0 
0 
4 
0 
0 
4 
4 
3 
4 
0 
5 
0 
3 
0 
0 
4 
0 
4 
0 
0 
6 
0 
0 
4 
0 
0 
5 
4 
0 
3 
4 
0 
0 
6 
3 
0 
0 
2 
5 
4 
3 
3 
2 
0 
4 
4 
0 
5 
0 
3 
0 
4 
0 
4 
4 
0 
4 
0 
2 
2 
0 
5 
2 
0 
3 
0 
4 
3 
5 
4 
0 
5 
0 
2 
0 
3 
0 
3 
4 
7 
7 
4 
3 
4 
0 
0 
5 
0 
6 
0 
0 
2 
0 
3 
0 
3 
3 
4 
3 
4 
3 
2 
3 
3 
3 
3 
5 
3 
4 
3 
4 
4 
5 
4 
4 
4 
4 
3 
3 
4 
3 
3 
4 
3 
2 
6 
3 
3 
2 
4 
4 
3 
3 
4 
5 
3 
4 
4 
3 
6 
3 
4 
3 
4 
4 
4867 
5 
4 
2410 
3 
5 
4 
7 
476 
4 
7 
57 
6 
2 
2 
0 
5 
4 
4 
7 
3 
3 
4 
4 
3 
4 
5 
4 
4 
4 
5 
3 
5 
4 
3 
4 
6 
5 
3 
4 
4 
3 
5 
5 
4 
4 
3 
7 
5 
7 
6 
10 
6 
7 
4 
4 
5 
4 
3 
4 
5 
3 
3 
3 
6 
5 
5 
4 
4 
3 
3 
4 
4 
0 
3 
0 
5 
0 
3 
5 
4 
4 
5 
0 
5 
5 
0 
3 
4 
3 
0 
4 
0 
5 
3 
0 
6 
0 
3 
0 
3 
4 
4 
3 
3 
4 
3 
4 
4 
3 
0 
3 
0 
5 
0 
4 
3 
0 
3 
3 
0 
4 
0 
4 
0 
4 
0 
3 
0 
3 
5 
4 
7 
4 
4 
5 
4 
0 
4 
0 
4 
0 
4 
0 
4 
3 
5 
7 
7 
6 
9 
5 
7 
6 
4 
3 
2 
3 
0 
4 
3 
2 
4 
0 
2 
2 
3 
4 
1 
3 
3 
3 
2 
3 
5 
3 
3 
2 
6 
4 
4 
3 
578 
4 
2 
90 
3 
3 
4 
4 
4 
4 
4 
0 
4 
0 
7 
0 
2 
2 
4 
0 
3 
2 
3 
4 
5 
3 
4 
2 
3 
6 
5 
4 
3 
4 
3 
6 
3 
0 
4 
3 
4 
5 
4 
3 
4 
4 
5 
4 
3 
4 
4 
12 
3 
4 
0 
4 
0 
4 
0 
2 
0 
5 
0 
4 
0 
4 
4 
3 
0 
4 
4 
0 
4 
4 
0 
4 
5 
5 
4 
5 
0 
5 
0 
5 
0 
6 
0 
0 
5 
0 
3 
0 
4 
0 
4 
0 
4 
4 
0 
4 
0 
3 
0 
4 
8 
0 
0 
4 
0 
6 
0 
5 
0 
0 
6 
0 
0 
2 
0 
4 
0 
5 
3 
806 
4 
4 
6 
5 
846 
3382 
3 
691 
4 
4 
170 
4 
4 
396 
3 
0 
137 
4 
2 
3 
6 
111 
4 
7 
5 
141 
2 
3 
5 
3 
4 
3 
3 
4 
0 
0 
2 
4 
3 
3 
3 
2 
4 
0 
5 
0 
2 
0 
4 
0 
2 
0 
4 
3 
4 
4 
0 
7 
0 
7 
0 
7 
3 
3 
3 
4 
3 
6 
6 
4 
3 
3 
4 
0 
4 
0 
0 
3 
0 
6 
0 
0 
3 
4 
0 
4 
5 
3 
3 
0 
0 
5 
4 
3 
3 
4 
4 
4 
0 
4 
0 
5 
0 
4 
3 
3 
5 
5 
7 
4 
4 
5 
4 
5 
4 
4 
2 
6 
0 
4 
0 
3 
0 
7 
7 
4 
6 
4 
3 
0 
5 
0 
0 
5 
3 
0 
4 
5 
4 
0 
2 
4 
3 
0 
5 
4 
4 
0 
3 
4 
4 
5 
4 
3 
5 
0 
3 
0 
4 
0 
2 
0 
3 
5 
5 
0 
0 
7 
0 
6 
3 
0 
4 
0 
5 
0 
4 
0 
4 
3 
0 
5 
0 
3 
0 
0 
4 
5 
0 
7 
0 
0 
2 
0 
4 
3 
3 
3 
5 
3 
3 
0 
5 
0 
5 
4 
0 
3 
0 
5 
5 
0 
3 
5 
0 
5 
0 
3 
4 
5 
6 
0 
3 
0 
3 
5 
4 
6 
0 
4 
2 
3 
4 
4 
0 
5 
5 
