2036 
5125 
36 
54 
233 
1730 
112 
0 
0 
0 
3 
0 
3 
2 
0 
76 
0 
0 
3 
0 
0 
5 
0 
0 
0 
6 
0 
0 
3 
0 
0 
5 
0 
0 
5 
0 
0 
4 
3 
5 
0 
2 
0 
3 
3 
4 
2 
0 
0 
4 
0 
5 
0 
5 
0 
5 
0 
0 
0 
5 
16 
4 
0 
0 
3 
3 
0 
0 
3 
4 
3 
5 
0 
0 
2 
4 
0 
2 
0 
4 
6 
7 
0 
3 
3 
0 
5 
4 
4 
0 
5 
3 
0 
3 
4 
5 
0 
5 
0 
0 
4 
0 
15 
4 
5 
3 
4 
2 
0 
0 
6 
7 
8 
6 
0 
0 
3 
40 
0 
0 
4 
0 
7 
0 
0 
3 
0 
0 
0 
18 
0 
3 
0 
0 
5 
0 
0 
102 
5 
0 
3 
4 
0 
0 
0 
4 
0 
0 
5 
0 
4 
0 
6 
0 
3 
0 
4 
0 
5 
0 
4 
0 
4 
3 
5 
0 
8 
0 
6 
0 
0 
4 
0 
0 
4 
4 
0 
5 
0 
5 
3 
5 
0 
2 
4 
29 
3 
0 
4 
0 
2 
4 
4 
0 
0 
5 
0 
5 
4 
3 
5 
0 
3 
5 
0 
5 
0 
3 
5 
0 
3 
0 
4 
5 
3 
7 
0 
7 
0 
6 
0 
3 
0 
5 
4 
0 
3 
0 
2 
3 
5 
0 
3 
4 
3 
0 
0 
2 
0 
4 
0 
2 
5 
6 
0 
3 
0 
0 
5 
0 
4 
5 
0 
0 
7 
6 
0 
0 
4 
0 
5 
4 
4 
3 
3 
8856 
0 
4 
0 
0 
4 
0 
0 
0 
3 
4 
0 
6 
0 
0 
4 
0 
5 
0 
0 
3 
4 
0 
0 
5 
0 
0 
0 
0 
3 
0 
0 
3 
0 
0 
0 
0 
5 
3 
0 
0 
6 
0 
6 
0 
0 
7 
0 
0 
2 
0 
0 
6 
0 
3 
0 
0 
5 
0 
0 
0 
0 
4 
0 
0 
0 
4 
0 
5 
0 
0 
0 
3 
0 
4 
4 
0 
4 
0 
0 
0 
6 
7 
5 
0 
0 
3 
0 
5 
0 
7 
6 
7 
0 
0 
5 
2 
3 
5 
0 
0 
6 
0 
4 
5 
3 
3 
5 
0 
2 
0 
5 
0 
0 
4 
0 
0 
5 
0 
0 
6 
0 
0 
3 
0 
0 
5 
4 
0 
0 
5 
0 
0 
5 
0 
4 
3 
0 
7 
0 
6 
8 
7 
4 
0 
3 
4 
4 
3 
6 
0 
0 
3 
0 
5 
4 
7 
5 
4 
4 
0 
4 
0 
4 
0 
4 
0 
0 
4 
0 
0 
0 
4 
0 
4 
4 
0 
0 
0 
2 
0 
0 
3 
4 
3 
0 
3 
2 
4 
0 
4 
0 
3 
0 
3 
0 
6 
7 
0 
0 
3 
4 
0 
5 
0 
6 
0 
5 
0 
3 
4 
5 
38 
0 
0 
21 
5 
0 
5 
0 
5 
0 
5 
0 
4 
4 
4 
17443 
7 
2280 
522 
1179 
1001 
0 
5 
4 
5 
5 
7 
8 
0 
5 
0 
4 
4 
0 
5 
6 
6 
0 
6 
0 
0 
4 
0 
0 
6 
0 
8 
0 
4 
3 
0 
5 
6 
6 
0 
8 
0 
4 
4 
0 
4 
0 
3 
0 
5 
3 
4 
0 
2 
0 
3 
4 
0 
0 
6 
0 
0 
4 
0 
0 
6 
0 
4 
0 
4 
0 
4 
0 
4 
0 
0 
0 
4 
233 
0 
6 
4 
0 
0 
3 
3 
0 
7 
0 
7 
0 
6 
7 
6 
7 
0 
3 
0 
5 
0 
4 
0 
3 
0 
4 
0 
5 
0 
3 
4 
0 
4 
0 
3 
0 
3 
0 
0 
4 
0 
6 
0 
4 
0 
0 
6 
0 
0 
7 
0 
0 
5 
0 
3 
0 
4 
0 
0 
3 
0 
0 
3 
5 
0 
4 
0 
3 
0 
0 
2 
0 
0 
0 
3 
0 
5 
0 
0 
4 
0 
4 
0 
0 
4 
0 
0 
5 
0 
5 
4 
4 
0 
0 
3 
0 
3 
5 
7 
6 
7 
5 
7 
0 
0 
4 
0 
0 
5 
0 
4 
0 
4 
0 
4 
0 
5 
5 
5 
3 
5 
0 
5 
0 
0 
2 
0 
0 
4 
0 
4 
2 
0 
5 
4 
3 
4 
3 
5 
4 
3 
5 
7 
3 
5 
3 
4 
0 
5 
8 
7 
7 
6 
4 
4 
2 
3 
3 
0 
0 
2 
0 
4 
0 
3 
3 
3 
3 
4 
0 
0 
4 
0 
5 
5 
0 
5 
5 
4 
0 
4 
0 
6 
6 
6 
3 
4 
3 
5 
5 
5 
3 
4 
4 
5 
5 
3 
3 
3 
3879 
6 
4 
3 
2 
0 
5 
0 
3 
0 
5 
3 
4 
6 
0 
3 
0 
4 
4 
6 
4 
0 
4 
0 
5 
0 
5 
3 
0 
5 
5 
5 
4 
3 
4 
312 
2 
0 
3 
0 
3 
0 
7 
6 
5 
4 
0 
4 
4 
0 
8 
0 
6 
0 
7 
0 
7 
6 
4 
5 
2 
4 
3 
0 
0 
2 
4 
0 
5 
0 
2 
0 
5 
0 
3 
4 
4 
5 
5 
0 
0 
2 
0 
6 
0 
4 
0 
0 
2 
0 
4 
3 
5 
4 
0 
3 
4 
0 
6 
6 
0 
3 
3 
0 
6 
3 
2 
0 
4 
0 
2 
2 
3 
0 
2 
0 
0 
0 
0 
5 
240 
0 
3 
0 
5 
5 
3 
3 
0 
3 
0 
3 
2 
0 
4 
3 
4 
0 
6 
0 
0 
6 
0 
0 
0 
4 
6 
5 
7 
7 
0 
4 
4 
3 
3 
5 
7 
3 
3 
3 
0 
4 
0 
3 
0 
4 
6 
0 
0 
4 
3 
4 
0 
182 
4 
0 
4 
0 
4 
0 
3 
0 
3 
0 
4 
4 
4 
0 
3 
0 
0 
4 
0 
0 
6 
0 
3 
0 
3 
7127 
3 
3 
5 
4 
4 
5 
4 
4 
5 
6 
6 
2 
4 
4 
4 
5 
0 
7 
0 
10 
0 
8 
7 
0 
5 
3 
0 
4 
0 
6 
7 
6 
0 
5 
3 
4 
3 
4 
4 
4 
3 
3 
0 
0 
8 
0 
4 
0 
3 
0 
4 
0 
4 
3 
0 
4 
129 
0 
0 
3 
6 
4 
8 
0 
3 
4 
5 
0 
4 
0 
0 
0 
7 
0 
0 
6 
0 
0 
3 
0 
3 
5 
0 
7 
6 
0 
4 
0 
5 
0 
5 
0 
0 
4 
0 
5 
0 
5 
3 
0 
0 
4 
0 
5 
3 
0 
3 
0 
4 
0 
3 
0 
0 
4 
0 
3 
5 
4 
0 
0 
4 
5 
0 
0 
4 
0 
3 
0 
4 
0 
0 
0 
6 
0 
6 
7 
7 
0 
8 
0 
4 
0 
3 
0 
5 
5 
5 
4 
3 
4 
4 
4 
4 
3 
0 
4 
0 
5 
0 
2 
3 
4 
3 
5 
3 
6 
0 
3 
0 
3 
0 
6 
4 
0 
3 
0 
0 
4 
3 
3 
5 
6 
0 
3 
0 
0 
4 
5 
0 
5 
0 
4 
0 
0 
3 
3 
0 
4 
0 
5 
0 
6 
4 
4 
6 
0 
5 
0 
7 
0 
7 
0 
6 
0 
4 
0 
0 
0 
0 
5 
6 
7 
7 
0 
0 
4 
0 
0 
4 
5 
5 
6 
0 
5 
0 
4 
6 
0 
0 
4 
0 
0 
4 
0 
2 
4 
0 
5 
0 
6 
0 
3 
0 
4 
0 
0 
3 
4 
3 
3 
3 
0 
3 
5 
0 
6 
6 
5 
8052 
