3357 
2 
9866 
1335 
280 
0 
2 
0 
2 
0 
3 
0 
3 
3099 
309 
4 
5 
3 
15 
34 
29 
73 
2 
4 
4 
3 
4 
4 
3 
0 
0 
3 
0 
5 
72 
81 
39 
53 
70 
91 
84 
35 
29 
9 
63 
55 
274 
39 
23 
7 
6 
6 
33 
16 
4 
0 
7 
6 
6 
13 
14 
9 
12 
0 
8 
23 
39 
35 
47 
25 
5 
5 
4 
3 
0 
0 
5 
3 
3 
0 
3 
4 
3 
4 
0 
3 
4 
0 
6 
0 
4 
0 
4 
3 
59 
37 
456 
110 
132 
222 
46 
387 
311 
357 
200 
336 
238 
538 
77 
139 
29 
57 
41 
111 
19 
105 
62 
20 
880 
2 
3 
0 
2 
4 
0 
3 
0 
4 
0 
3 
0 
5 
4 
0 
5 
0 
5 
0 
3 
5 
3 
3 
4 
28 
5 
0 
0 
3 
32 
0 
0 
68 
0 
2 
2 
0 
0 
4 
0 
2 
0 
4 
0 
4 
0 
4 
0 
5 
4 
0 
4 
3 
3 
0 
3 
3 
0 
5 
4 
0 
4 
3 
0 
3 
3 
0 
0 
3 
0 
5 
5 
6 
4 
4 
64 
0 
7 
0 
4 
17 
256 
22 
74 
1018 
101 
111 
1054 
4 
4 
0 
6 
440 
104 
39 
17 
0 
3 
23 
51 
53 
3 
0 
5 
5 
6 
4 
0 
3 
0 
4 
4 
0 
5 
3 
3 
0 
3 
6 
0 
6 
5 
2833 
6 
199 
0 
1343 
4 
0 
530 
929 
1529 
0 
0 
4 
0 
0 
3 
0 
4 
0 
2 
0 
3 
0 
0 
4 
0 
8 
6 
4 
0 
4 
56 
8 
0 
7 
12 
8 
2 
33 
26 
16 
24 
0 
5 
0 
5 
0 
3 
5 
3 
0 
0 
4 
59 
58 
6 
3 
4 
4 
4 
2 
3 
3 
0 
18 
4 
16 
25 
28 
22 
4 
0 
5 
0 
4 
50 
46 
8 
11 
3 
4 
6 
4 
3 
3 
2140 
73 
2 
0 
27 
77 
35 
0 
18 
3 
3 
20 
74 
4 
3 
0 
4 
0 
2 
4 
98 
60 
9 
4 
5 
0 
3 
6 
3 
5 
4 
0 
5 
3 
0 
5 
11 
69 
4 
0 
15 
0 
0 
3 
6 
3 
0 
0 
89 
0 
0 
5 
0 
7 
59 
67 
0 
2 
0 
19 
70 
0 
2 
0 
4 
127 
0 
3 
118 
0 
0 
2 
0 
5 
0 
4 
0 
0 
6 
0 
5 
3 
0 
4 
0 
5 
0 
4 
0 
4 
0 
3 
4 
14930 
46 
28 
350 
124 
5 
43 
714 
56 
3 
5 
7 
2111 
64 
55 
8 
4 
0 
7 
0 
4 
3 
3 
3 
91 
4 
4 
0 
4 
5 
4 
0 
4 
32 
0 
0 
5 
2 
4 
3 
4 
0 
0 
3 
5 
0 
3 
13 
4 
0 
4 
0 
0 
5 
0 
4 
4 
4 
5 
59 
4 
4 
0 
0 
3 
4 
0 
4 
2 
115 
0 
0 
4 
3 
0 
5 
105 
2 
0 
92 
0 
3 
0 
5 
5 
40 
32 
22 
6 
4 
3 
49 
2 
0 
5 
3 
4 
0 
3 
0 
7 
2 
0 
3 
4 
73 
4 
2 
0 
0 
5 
4 
4 
0 
4 
5 
4 
4 
2 
5 
3 
4 
0 
3 
0 
4 
0 
4 
0 
3 
4 
0 
5 
3 
0 
9 
0 
3 
4 
3 
2 
0 
0 
3 
0 
4 
0 
4 
3 
0 
7 
0 
0 
3 
0 
3 
4 
0 
5 
3 
0 
3 
3 
76 
0 
0 
39 
3 
0 
4 
0 
542 
2 
3 
0 
5 
0 
0 
2 
0 
4 
0 
99 
5 
3 
4 
3 
0 
4997 
3459 
4 
4 
215 
3 
6 
8 
5 
4 
4 
0 
4 
0 
5 
4 
4 
0 
2 
9 
5 
0 
8 
0 
0 
3 
3 
0 
3 
0 
2 
4 
4 
0 
4 
0 
4 
0 
3 
0 
3 
116 
6 
0 
3 
0 
4 
0 
6 
6 
0 
4 
0 
0 
4 
0 
746 
2 
0 
5 
0 
3 
2 
4 
4 
75 
0 
5 
0 
0 
4 
0 
4 
0 
4 
0 
4 
0 
0 
4 
0 
5 
4 
5 
4 
0 
0 
3 
0 
2 
4 
2 
3 
0 
3 
0 
3 
0 
3 
0 
4 
0 
5 
0 
3 
3 
3 
6 
0 
4 
3 
3 
4 
2 
2 
2 
0 
3 
6 
7 
23 
0 
3 
4 
0 
4 
94 
4 
0 
9 
0 
7 
7 
0 
4 
0 
3 
0 
4 
5 
0 
3 
5 
0 
5 
4 
0 
6 
3 
6 
0 
5 
0 
4 
4 
0 
3 
0 
6 
11 
0 
6 
6 
54 
4 
3 
4 
0 
0 
0 
6 
0 
6 
3 
4 
0 
3 
0 
3 
0 
