9721 
2242 
3 
1536 
1 
48 
61 
3 
0 
63 
6 
3 
4 
0 
4 
3 
0 
4 
0 
3 
0 
4 
0 
4 
4 
0 
8 
0 
6 
0 
4 
3 
0 
3 
0 
6 
0 
4 
4 
0 
3 
0 
4 
0 
0 
5 
0 
0 
6 
0 
0 
4 
0 
0 
3 
0 
0 
0 
3 
4 
4 
3 
0 
5 
0 
4 
4 
4 
4 
0 
0 
0 
4 
0 
0 
3 
0 
3 
0 
5 
5 
8 
7 
6 
0 
7 
0 
4 
0 
4 
5 
0 
3 
0 
2 
0 
0 
3 
0 
4 
0 
5 
0 
5 
0 
4 
5 
145 
3 
0 
0 
5 
0 
5 
0 
0 
4 
4 
0 
0 
5 
0 
0 
5 
0 
0 
0 
4 
0 
6 
0 
6 
5 
6 
6 
0 
5 
0 
5 
0 
0 
5 
0 
3 
0 
0 
4 
5 
4 
4 
0 
5 
0 
0 
4 
0 
0 
3 
0 
2 
0 
0 
3 
4 
4 
4 
0 
4 
0 
3 
0 
0 
5 
0 
2 
0 
5 
0 
0 
7 
0 
7 
0 
0 
0 
5 
2 
0 
0 
3 
0 
3 
5 
0 
0 
3 
0 
5 
4 
4 
3 
0 
0 
4 
0 
3 
0 
0 
4 
0 
3 
3 
0 
0 
5 
25 
4 
0 
0 
4 
0 
5 
0 
0 
4 
0 
7 
0 
6 
0 
8 
0 
7 
7 
0 
8 
0 
3 
0 
5 
10196 
6 
0 
5 
4 
0 
0 
3 
0 
5 
4 
0 
0 
0 
5 
0 
0 
3 
0 
5 
0 
6 
0 
4 
0 
0 
4 
0 
0 
0 
0 
2 
0 
0 
4 
0 
0 
3 
0 
0 
4 
0 
7 
0 
7 
0 
5 
0 
0 
2 
0 
0 
4 
0 
3 
0 
0 
3 
0 
3 
0 
5 
0 
5 
0 
5 
0 
4 
872 
5 
0 
6 
5 
4 
0 
4 
13 
0 
3 
0 
5 
0 
5 
71 
3 
0 
0 
6 
7 
5 
0 
4 
0 
0 
4 
0 
0 
3 
0 
0 
2 
0 
0 
0 
4 
0 
0 
3 
0 
4 
0 
4 
0 
4 
0 
3 
0 
0 
3 
0 
4 
0 
4 
0 
3 
0 
0 
5 
0 
4 
5 
0 
4 
0 
4 
3 
6 
8 
6 
3 
82 
53 
0 
3 
0 
814 
0 
3 
0 
3 
0 
3 
0 
3 
0 
3 
4 
5 
3 
4 
3 
0 
5 
5 
5 
0 
5 
0 
5 
4 
185 
4 
4 
4 
4 
3 
4 
4 
5 
0 
5 
0 
3 
0 
3 
2437 
935 
2 
81 
0 
4 
0 
0 
4 
3 
6606 
4 
5 
59 
6 
7 
66 
12 
47 
4 
4 
96 
4 
5 
4 
45 
4 
7 
5 
4021 
2164 
31 
390 
3932 
4 
4 
4 
0 
0 
3 
0 
7 
0 
5 
0 
4 
0 
0 
0 
3 
0 
6 
0 
4 
3 
0 
0 
5 
0 
0 
4 
0 
5 
0 
0 
4 
0 
3 
0 
4 
0 
0 
0 
6 
0 
45 
0 
4 
0 
3 
3 
0 
0 
7 
0 
7 
0 
5 
0 
3 
0 
5 
0 
0 
5 
0 
4 
3 
4 
5 
0 
0 
0 
4 
0 
0 
0 
6 
7 
4 
0 
4 
0 
0 
0 
5 
0 
0 
0 
3 
0 
0 
0 
4 
0 
0 
0 
4 
0 
6 
0 
3 
0 
7 
0 
4 
0 
0 
4 
5 
0 
4 
0 
4 
0 
3 
44 
3 
5 
0 
4 
0 
5 
0 
4 
4 
3 
4 
7020 
2 
0 
0 
3 
0 
6 
5 
4 
4 
605 
3 
4 
5 
0 
0 
7 
0 
7 
0 
5 
4 
0 
117 
0 
0 
7 
0 
4 
0 
4 
3 
3 
5 
0 
4 
0 
0 
6 
0 
5 
0 
0 
3 
0 
0 
0 
0 
3 
0 
4 
0 
6 
0 
6 
7 
7 
8 
6 
7 
8 
0 
5 
0 
3 
0 
5 
3 
7 
8 
0 
5 
4 
4 
0 
4 
0 
4 
3 
3 
3 
0 
4 
0 
4 
0 
4 
0 
0 
4 
0 
0 
0 
3083 
0 
0 
8 
65 
3 
2 
5 
0 
4 
0 
0 
0 
4 
3 
3 
4 
0 
6 
0 
0 
2 
4 
0 
4 
0 
0 
4 
0 
4 
0 
4 
4 
3 
0 
3 
3 
4 
5 
8 
0 
5 
0 
6 
4 
