7188 
3477 
2 
3 
2 
0 
0 
0 
3 
2 
0 
0 
5 
4 
131 
3 
4 
6 
9 
0 
7 
0 
0 
7 
0 
7 
0 
7 
0 
4 
0 
0 
5 
0 
6 
0 
0 
5 
0 
5 
0 
2 
5 
0 
0 
5 
0 
3 
4 
81 
4 
343 
0 
3 
0 
3 
0 
4 
3 
0 
0 
0 
4 
0 
0 
3 
0 
6 
0 
0 
7 
106 
0 
5 
0 
4 
0 
0 
4 
0 
0 
0 
4 
0 
5 
4 
4 
0 
0 
5 
0 
4 
4 
4 
0 
0 
4 
0 
3 
0 
3 
0 
0 
4 
0 
5 
3 
0 
5 
3 
0 
3 
4 
5 
0 
5 
6 
0 
4 
0 
0 
3 
4 
0 
0 
6 
0 
0 
3 
3 
0 
0 
3 
0 
5 
184 
3 
2 
4 
4 
6 
4 
3 
0 
3 
0 
5 
0 
4 
0 
3 
3 
0 
6 
0 
5 
0 
4 
29 
3 
0 
3 
0 
4 
0 
0 
4 
4 
48 
0 
16 
5 
0 
0 
61 
4 
5 
26 
5 
0 
112 
4 
6 
197 
0 
5 
50 
4 
0 
5 
3 
5 
0 
0 
8 
7778 
14 
2 
5 
9 
5 
6 
4 
3 
5 
6 
5 
5 
5 
0 
3 
75 
0 
41 
4 
4 
0 
0 
0 
3 
0 
0 
0 
3 
3 
4 
5 
0 
0 
0 
0 
4 
0 
4 
0 
0 
7 
0 
7 
0 
2 
4 
0 
0 
6 
0 
6 
0 
4 
147 
166 
4 
0 
4 
0 
0 
7 
0 
3 
0 
0 
4 
0 
5 
58 
4 
3 
0 
0 
6 
4 
4 
4 
3 
4 
0 
0 
5 
3 
5 
4 
0 
0 
4 
0 
5 
0 
4 
4 
4 
0 
4 
0 
3 
5 
4 
0 
2 
5 
0 
0 
3 
4 
9 
4 
0 
4 
0 
175 
3 
0 
5 
25 
92 
5 
3 
4 
0 
4 
0 
6 
173 
45 
18 
0 
3 
0 
3 
0 
0 
5 
0 
2 
4 
0 
4 
3 
0 
0 
0 
5 
0 
0 
4 
0 
0 
4 
0 
3 
4 
0 
4 
0 
0 
5 
4 
5 
3 
0 
0 
5 
0 
0 
3 
0 
13 
5 
0 
0 
0 
6 
0 
7 
0 
6 
0 
3 
3 
0 
0 
0 
0 
3 
0 
3 
5 
0 
8 
4 
0 
5 
3 
0 
4 
16 
4 
0 
5 
38 
3 
0 
3 
4 
5 
3 
22 
5 
0 
4 
2 
0 
4 
0 
3 
0 
5 
0 
5 
0 
0 
4 
0 
3 
0 
5 
6 
0 
0 
0 
5 
4 
0 
3 
0 
248 
0 
4 
0 
85 
29 
7 
5 
4 
6 
3 
3 
0 
3 
5 
31 
88 
0 
4 
0 
4 
0 
3 
6 
0 
0 
9 
5 
0 
3 
4 
0 
3 
0 
2 
4 
0 
7 
8 
7 
5 
3 
14 
5 
0 
59 
0 
6 
44 
4 
28 
32 
48 
5 
27 
0 
4 
0 
0 
0 
5 
0 
3 
0 
0 
3 
0 
0 
4 
7 
0 
15920 
773 
3 
3 
31 
49 
55 
46 
48 
54 
5 
24 
1100 
33 
3 
5 
4 
4 
4 
4 
4 
689 
0 
3 
64 
4 
4 
172 
6 
0 
7 
0 
248 
2 
0 
148 
2 
0 
4 
0 
5 
5 
0 
4 
0 
239 
0 
3 
190 
0 
444 
0 
4 
762 
0 
5 
189 
0 
873 
44 
5 
35 
3 
0 
48 
5 
0 
4 
7 
3 
0 
3 
2 
3 
6 
6 
0 
305 
0 
0 
3 
7 
56 
4 
3 
4 
4 
335 
3 
3 
5 
0 
93 
4 
0 
5 
4 
4 
367 
3 
17 
7 
4 
0 
5 
4 
3 
0 
3 
0 
0 
3 
0 
8 
0 
3 
47 
0 
0 
6 
7 
4 
0 
3 
0 
4 
0 
0 
0 
5 
0 
4 
0 
4 
0 
3 
0 
6 
0 
4 
0 
4 
0 
6 
0 
3 
0 
4 
3 
4 
27 
5 
3 
0 
5 
0 
6 
84 
4 
3 
0 
4 
2 
2 
105 
12 
4 
5 
0 
3 
18 
3 
4 
4 
0 
5 
0 
5 
5 
17 
2 
0 
4 
0 
5 
7769 
16 
6 
4 
5 
4 
64 
6 
7 
6 
9 
122 
4 
0 
4 
0 
0 
4 
4 
0 
6 
0 
4 
0 
3 
3 
0 
4 
3 
0 
5 
0 
7 
0 
0 
8 
6 
0 
0 
3 
0 
0 
8 
0 
7 
5 
3 
0 
6 
5 
4 
5 
3 
3 
0 
4 
0 
3 
0 
3 
5 
3 
0 
4 
0 
0 
6 
40 
5 
3 
0 
4 
4 
3 
0 
5 
7 
4 
4 
0 
3 
0 
5 
0 
4 
0 
4 
0 
4 
0 
4 
0 
0 
6 
0 
0 
0 
4 
0 
4 
0 
5 
5 
0 
0 
4 
0 
0 
4 
0 
132 
4 
4 
0 
3 
0 
3 
3 
46 
5 
3 
3 
0 
6 
6 
0 
0 
3 
65 
0 
5 
8 
6 
0 
5 
8 
140 
4 
3 
59 
4 
3 
0 
3 
4 
0 
3 
126 
0 
5 
4 
0 
0 
4 
334 
4 
2 
3 
3 
4 
4 
5 
6 
