4381 
4 
28381 
8 
0 
0 
2 
2 
286 
0 
509 
3 
0 
0 
0 
5 
0 
0 
5 
0 
0 
2 
4 
0 
5 
215 
4 
3 
0 
3 
3 
0 
4 
4 
3 
3 
0 
47 
0 
5 
3 
0 
3 
0 
6 
5 
0 
0 
0 
5 
0 
4 
0 
3 
0 
7 
0 
3 
238 
2 
5 
0 
0 
2 
0 
0 
4 
2 
0 
0 
236 
0 
686 
2 
5 
0 
2 
485 
4 
0 
0 
5 
0 
3 
3 
7 
6 
0 
0 
4 
0 
0 
6 
4 
0 
4 
0 
0 
4 
4 
0 
4 
2 
132 
3 
5 
0 
50 
6 
18 
5 
11 
0 
5 
4 
0 
5 
3 
0 
0 
3 
54 
66 
45 
15 
0 
2 
3 
29 
8 
4 
0 
4 
0 
4 
0 
7 
8 
0 
7 
0 
0 
41 
43 
8 
69 
0 
3 
0 
0 
3 
0 
4 
0 
0 
0 
2 
0 
3 
0 
4 
0 
2 
0 
4 
2 
0 
0 
3 
9 
73 
6 
34 
7 
39 
5 
5 
4 
4 
86 
14 
68 
0 
0 
4 
4 
4 
9 
3 
2 
0 
0 
3 
3 
11 
23 
3 
4 
0 
3 
3 
3 
0 
4 
4 
5 
5 
0 
0 
0 
0 
3 
0 
0 
3 
0 
198 
3 
0 
0 
4 
0 
4 
0 
4 
6 
0 
5 
0 
2 
4 
5 
6 
0 
2 
2 
0 
9 
3 
300 
3 
0 
4 
3 
2 
138 
4 
0 
0 
0 
2 
0 
3 
0 
3 
0 
2 
0 
6 
83 
81 
61 
28 
0 
37 
22 
56 
0 
2 
0 
0 
6 
6 
0 
4 
219 
4 
5 
0 
7 
0 
4 
0 
351 
1480 
3537 
391 
61 
1221 
17 
67 
934 
2 
4 
0 
2 
0 
0 
0 
2 
0 
4 
0 
0 
3 
0 
3 
3 
0 
3 
202 
5 
1027 
0 
37 
265 
3 
5 
0 
2 
3 
0 
4 
3 
0 
0 
3 
0 
3 
0 
3 
0 
4 
3 
52 
0 
0 
3 
64 
3 
3 
5 
7 
7 
7 
5 
3 
3 
2 
4 
3 
2 
3 
4 
4 
3 
0 
4 
20 
62 
9 
17 
28 
26 
2 
3 
3 
3 
3 
4 
0 
5 
0 
0 
3 
0 
0 
3 
0 
0 
3 
0 
5 
0 
0 
6 
0 
4 
0 
0 
8 
0 
0 
8 
0 
7 
0 
3 
0 
5 
0 
6 
0 
0 
3 
6 
378 
0 
1817 
9 
3 
3 
7 
0 
0 
0 
0 
3 
0 
13 
0 
4 
2 
5 
3 
0 
2 
0 
5 
4 
0 
3 
0 
3 
0 
3 
0 
0 
5 
0 
3 
8 
2 
0 
0 
8 
2 
141 
23 
594 
3 
7 
4 
0 
0 
3 
5 
5 
3 
2 
3 
0 
0 
2 
0 
0 
6 
0 
5 
2 
0 
2 
3 
0 
3 
0 
0 
4 
0 
3 
0 
0 
441 
0 
420 
4 
8 
4 
0 
0 
2 
0 
312 
4 
6 
6 
6 
0 
3 
0 
0 
0 
6 
0 
3 
606 
123 
105 
412 
183 
658 
5 
9098 
2040 
894 
27 
6 
1909 
10 
27 
495 
1015 
3 
366 
0 
491 
2 
0 
0 
0 
0 
0 
2 
0 
0 
0 
3 
4 
4 
2 
3 
4 
4 
2 
5 
3 
0 
3 
0 
0 
4 
0 
0 
0 
3 
4 
0 
6 
0 
4 
281 
4 
678 
0 
0 
4 
0 
3 
6 
3 
4 
4 
0 
0 
314 
3 
2 
0 
3 
0 
0 
0 
2 
4 
4 
2 
6 
4 
4 
19 
4 
5 
8 
6 
33 
3 
0 
0 
0 
2 
0 
0 
4 
0 
7 
0 
0 
0 
4 
0 
3 
4 
0 
5 
0 
0 
2 
5 
0 
0 
4 
0 
0 
4 
3 
3 
3 
38 
0 
3 
3 
2 
4 
0 
0 
432 
0 
0 
4 
5 
6 
5 
0 
3 
0 
3 
0 
12 
53 
14 
21 
0 
3 
6 
0 
0 
3 
0 
0 
4 
0 
4 
0 
3 
6 
6 
0 
6 
0 
3 
0 
4 
0 
0 
3 
4 
0 
3 
0 
2 
0 
0 
4 
0 
5 
3 
0 
4 
2 
0 
0 
5 
6 
0 
3 
0 
0 
0 
3 
5 
5 
3 
4 
2 
3 
25 
93 
20 
1006 
1052 
742 
1209 
629 
483 
3192 
4 
682 
4 
0 
3 
0 
0 
0 
4 
0 
4 
2 
4 
5 
0 
4 
4 
4 
5 
6 
104 
6 
4 
3 
3 
0 
0 
460 
0 
6 
6 
6 
0 
3 
3 
0 
0 
5 
7 
0 
0 
7 
0 
3 
0 
0 
3 
7 
0 
26 
5 
0 
12 
24 
622 
3 
0 
258 
53 
4 
4 
6 
6 
6 
5 
0 
0 
3 
0 
4 
6 
0 
5 
0 
3 
44 
3 
79 
4 
3 
3 
6 
3 
3 
2 
4 
7 
3 
3 
2 
3 
168 
255 
3 
4 
5 
7 
46 
4 
5 
5 
3 
0 
3 
5 
9 
0 
92 
65 
50 
47 
0 
4 
4 
3 
0 
4 
0 
4 
0 
3 
3 
3 
5 
4 
5 
0 
8 
0 
4 
0 
4 
0 
5 
7 
8 
73 
5 
0 
3 
3 
4 
4 
4 
0 
0 
0 
0 
4 
0 
2 
0 
4 
0 
3 
0 
3 
4 
4 
3 
4 
0 
0 
4 
0 
0 
3 
55 
61 
17 
0 
0 
5 
5 
0 
350 
6 
4 
0 
2 
4 
227 
384 
97 
83 
30 
58 
64 
50 
134 
101 
153 
6310 
4513 
4 
1727 
