3621 
506 
5533 
469 
1040 
5 
473 
4 
200 
3 
2035 
3 
1006 
2 
41 
6 
0 
6 
5 
5 
5 
Game Start 
2375 
3 
125 
3 
6 
124 
106 
4 
4 
0 
0 
5 
0 
7 
0 
0 
3 
33 
0 
7 
0 
0 
5 
0 
8 
0 
8 
12 
24 
42 
0 
5 
0 
5 
39 
4 
5 
0 
0 
5 
0 
5 
0 
4 
7 
5 
0 
3 
91 
0 
4 
0 
3 
5 
0 
6 
0 
2 
0 
6 
3 
3 
0 
41 
4 
43 
0 
6 
7 
7 
0 
4 
2 
4 
0 
5 
99 
4 
4 
0 
0 
5 
4 
0 
6 
0 
5 
4 
5 
0 
5 
0 
5 
0 
4 
3 
0 
7 
0 
7 
0 
0 
3 
4 
3 
5 
0 
7 
0 
6 
5 
0 
0 
4 
0 
0 
3 
0 
0 
6 
0 
3 
4 
0 
0 
5 
5 
5 
0 
4 
0 
0 
0 
6 
17 
0 
3 
5 
101 
0 
5 
0 
163 
3 
0 
262 
5 
4 
0 
4 
0 
0 
4 
0 
3 
0 
5 
5 
0 
4 
0 
3 
0 
4 
0 
2 
0 
0 
5 
3 
5 
0 
5 
4 
3 
3 
0 
3 
5 
5 
2 
0 
5 
0 
91 
0 
0 
0 
4 
0 
0 
4 
7 
4 
0 
3 
0 
0 
5 
0 
7 
3 
0 
66 
320 
41 
9 
0 
0 
0 
5 
0 
3 
4 
0 
3 
0 
6 
0 
3 
0 
0 
3 
0 
0 
0 
3 
4 
164 
3 
0 
125 
0 
3 
3 
5 
0 
3 
1070 
5 
4 
116 
347 
4 
146 
6 
0 
4 
0 
0 
4 
5 
1288 
4 
3 
81 
4 
1374 
124 
139 
731 
5 
6 
59 
88 
4 
0 
0 
3 
0 
3 
3 
4 
0 
5 
0 
0 
5 
4 
233 
0 
5 
188 
4 
0 
82 
0 
4 
0 
72 
4 
217 
3 
0 
0 
5 
4 
0 
3 
0 
0 
5 
0 
0 
2 
0 
3 
52 
4 
3 
0 
0 
3 
4 
0 
58 
0 
6 
7 
8 
4 
6 
4 
4 
4 
0 
5 
3 
4 
0 
3 
80 
4 
0 
82 
0 
3 
2 
4 
121 
0 
3 
4 
0 
4 
0 
3 
6 
6 
0 
5 
0 
3 
3 
0 
6 
6 
5 
7 
81 
0 
6 
0 
6 
0 
0 
0 
4 
0 
4 
64 
40 
0 
0 
4 
0 
4 
0 
4 
0 
5 
0 
6 
0 
5 
0 
0 
5 
19 
6 
6 
4 
0 
0 
4 
0 
3 
0 
5 
0 
0 
6 
7 
0 
0 
6 
0 
5 
0 
4 
0 
4 
0 
5 
5 
22 
271 
0 
114 
5 
30 
0 
3 
3 
0 
0 
5 
4 
0 
0 
5 
4 
0 
3 
2 
0 
0 
0 
5 
0 
3 
0 
0 
3 
0 
5 
0 
4 
58 
3 
0 
0 
7 
2830 
4 
3619 
711 
2941 
1193 
6 
3521 
1231 
Game Start 
3023 
3 
50 
55 
3 
0 
0 
0 
3 
0 
3 
0 
0 
0 
4 
0 
4 
3 
35 
0 
5 
29 
0 
565 
0 
3 
0 
0 
28 
59 
0 
0 
37 
34 
0 
0 
3 
0 
5 
3 
4 
0 
0 
5 
0 
0 
2 
0 
0 
4 
443 
0 
211 
0 
4 
0 
0 
146 
0 
92 
32 
0 
4 
0 
5 
7 
5 
3 
0 
0 
5 
3 
0 
0 
2 
3 
6 
0 
6 
0 
4 
3 
6 
0 
4 
62 
37 
4 
0 
0 
0 
4 
0 
4 
0 
4 
0 
2 
0 
3 
0 
0 
3 
11 
0 
5 
0 
2 
0 
0 
6 
5 
0 
0 
4 
0 
0 
4 
0 
0 
3 
323 
3 
0 
0 
7 
0 
50 
0 
4 
5 
0 
4 
0 
4 
67 
1 
0 
0 
4 
0 
3 
4 
0 
5 
4 
4 
0 
0 
5 
0 
0 
4 
0 
0 
5 
0 
0 
4 
0 
0 
5 
0 
5 
7 
0 
6 
3 
3 
2 
0 
0 
5 
0 
4 
0 
3 
0 
7 
4 
94 
0 
4 
0 
0 
2 
0 
0 
0 
79 
0 
296 
4 
0 
5 
7 
4 
0 
16 
4 
0 
2 
4 
124 
0 
3 
0 
63 
3 
0 
183 
3 
0 
3 
26 
4 
0 
0 
6 
8 
6 
7 
0 
5 
0 
3 
3 
0 
5 
0 
4 
0 
0 
0 
5 
5 
101 
3 
4 
55 
5 
0 
49 
88 
4 
5930 
140 
5 
4 
5 
19 
82 
0 
9 
94 
3 
4 
0 
0 
0 
0 
7 
0 
3 
0 
3 
3 
0 
7 
0 
4 
4 
4 
0 
0 
52 
4 
0 
3 
0 
5 
4 
0 
0 
5 
12 
41 
3 
284 
3 
0 
2 
0 
0 
4 
4 
3 
0 
4 
0 
3 
0 
3 
0 
4 
3 
0 
4 
5 
4 
70 
3 
212 
0 
5 
1067 
0 
2 
0 
0 
9 
4 
5 
0 
2 
33 
25 
32 
36 
3 
0 
0 
2 
0 
4 
5 
0 
4 
0 
7 
224 
0 
143 
0 
89 
4 
0 
4 
0 
0 
24 
3 
0 
2 
0 
0 
6 
16 
3 
0 
34 
0 
4 
0 
4 
10 
5 
5 
0 
4 
110 
42 
32 
5 
0 
0 
5 
0 
3 
0 
4 
0 
4 
0 
5 
0 
6 
5 
0 
4 
0 
4 
3 
5 
4 
0 
0 
7 
85 
25 
0 
0 
0 
3 
0 
5 
25 
8 
4 
0 
19 
3 
0 
174 
0 
0 
0 
7 
0 
3 
0 
0 
0 
5 
0 
3 
0 
3 
0 
2 
0 
0 
124 
0 
3 
3 
0 
31 
0 
6 
6 
57 
4 
5 
0 
6 
119 
78 
54 
5 
4 
0 
4 
0 
3 
0 
4 
11 
3 
40 
4 
3 
0 
5 
0 
5 
5 
0 
4 
0 
0 
4 
3 
5 
0 
3 
0 
4 
0 
0 
3 
4 
0 
28 
0 
5 
5 
0 
4 
4 
4 
0 
5 
6 
110 
33 
37 
76 
44 
43 
23 
1173 
5 
518 
6085 
321 
2503 
1451 
1032 
