6733 
8117 
1 
5 
3 
3 
0 
3 
0 
2 
1 
1 
0 
2 
5 
4 
4 
4 
6 
3 
3 
5 
7 
5 
4 
0 
5 
0 
6 
0 
4 
0 
0 
4 
0 
4 
0 
3 
8 
4 
0 
5 
5 
3 
0 
8 
0 
7 
40 
6 
3 
0 
4 
0 
6 
0 
4 
3 
0 
4 
0 
6 
7 
6 
0 
4 
0 
4 
5 
5 
6 
5 
4 
2 
5 
4 
4 
5 
3 
5 
5 
4 
6 
0 
4 
0 
2 
0 
3 
2 
2 
2 
0 
3 
0 
5 
0 
4 
4 
3 
4 
0 
4 
0 
3 
5 
0 
8 
0 
7 
0 
6 
7 
0 
3 
0 
4 
0 
5 
5 
6 
0 
5 
4 
4 
5 
4 
6 
4 
0 
0 
4 
5 
5 
3 
4 
6 
5 
3 
7 
5 
4 
3 
5 
4 
3 
0 
4 
0 
2 
0 
4 
4 
0 
5 
0 
5 
0 
4 
0 
4 
8 
0 
4 
0 
3 
3 
0 
4 
4 
0 
5 
4 
5 
0 
0 
4 
3 
4 
0 
5 
4 
4 
0 
0 
4 
4 
0 
4 
5 
3 
2 
0 
4 
3 
5 
4 
5 
0 
5 
3 
4 
0 
4 
4 
4 
5 
7 
0 
7 
0 
4 
3 
5 
3 
0 
7 
6 
5 
5 
0 
0 
4 
5 
7 
4 
5 
3 
4 
3 
5 
4 
5 
5 
3 
2 
4 
5 
0 
4 
0 
5 
0 
4 
5 
4 
3 
0 
5 
0 
4 
0 
4 
3 
0 
3 
0 
4 
0 
4 
5 
4 
0 
4 
0 
0 
5 
0 
3 
0 
0 
4 
0 
0 
4 
0 
3 
1980 
2 
4 
4 
0 
6 
7 
0 
6 
3 
4 
4 
2 
4 
0 
3 
3 
5 
5 
5 
4 
4 
4 
0 
5 
0 
5 
5 
4 
3 
5 
3 
6 
7 
3 
3 
5 
3 
3 
6 
6 
4 
4 
0 
4 
0 
5 
3 
4 
0 
4 
0 
3 
4 
0 
4 
5 
2 
819 
2 
4 
3 
0 
4 
4 
5 
5 
4 
4 
4 
5 
0 
4 
0 
7 
0 
0 
2 
0 
6 
5 
0 
0 
3 
0 
4 
4 
4 
0 
4 
0 
4 
3 
0 
3 
0 
3 
2 
2 
5 
3 
4 
4 
0 
3 
0 
3 
6 
3 
3 
5 
4 
0 
5 
4 
4 
3 
6 
0 
6 
5 
0 
0 
3 
4 
5 
0 
4 
0 
7 
0 
4 
3 
4 
4 
5 
4 
4 
5 
4 
5 
6 
6 
0 
5 
0 
4 
0 
6 
0 
4 
0 
7 
7 
8 
6 
0 
5 
0 
8 
0 
3 
0 
3 
0 
4 
5 
0 
4 
4 
0 
3 
0 
4 
4 
6 
4 
0 
0 
4 
4 
0 
4 
4 
5 
4 
4 
5 
5 
4 
5 
6 
5 
4 
0 
5 
0 
5 
0 
4 
0 
6 
5 
0 
6 
0 
4 
4 
4 
4906 
3 
3 
5 
7 
6 
6 
4 
4 
4 
3 
5 
209 
4 
8 
6 
7 
6 
7 
7 
7 
7 
0 
4 
0 
4 
0 
6 
5373 
412 
28 
3027 
3 
5 
3 
4 
7 
5 
4 
4 
5 
5 
5 
0 
5 
0 
5 
3 
0 
5 
0 
5 
0 
0 
2 
70 
4 
5 
5 
3 
5 
4 
4 
5 
3 
4 
5 
210 
3 
5 
4 
3 
0 
4 
5 
3 
4 
3 
5 
5 
6 
3 
4 
7 
0 
6 
7 
4 
5 
4 
5 
4 
4 
0 
0 
3 
5 
0 
4 
4 
4 
2 
2 
0 
4 
0 
5 
0 
0 
4 
0 
5 
0 
4 
0 
3 
0 
2 
0 
4 
3 
5 
0 
4 
5 
4 
4 
5 
4 
4 
3 
3 
0 
0 
5 
0 
0 
4 
0 
4 
4 
4 
0 
5 
5 
0 
7 
0 
3 
0 
3 
5 
4 
5 
4 
0 
5 
81 
3 
3 
4 
4 
0 
4 
3 
33 
6 
6 
6 
5 
6 
3 
3 
4 
4 
3 
4 
5 
0 
5 
0 
3 
0 
3 
0 
5 
2 
5 
4 
0 
4 
3 
5 
0 
6 
4 
4 
4 
3 
0 
5 
0 
0 
6 
0 
0 
4 
0 
4 
4 
12 
4 
4 
5 
5 
2 
4 
5 
3 
6 
5 
0 
0 
3 
5 
0 
4 
0 
3 
5 
4 
0 
3 
0 
0 
204 
3 
3 
0 
5 
5 
4 
4 
3 
3 
6 
5 
7 
6 
4 
3 
4 
0 
4 
0 
4 
2 
6 
0 
4 
0 
6 
0 
4 
5 
4 
0 
5 
4 
4 
4 
3 
4 
5 
3 
4 
3 
4 
4 
2 
5 
5 
0 
4 
0 
4 
5 
3 
0 
4 
4 
0 
0 
4 
0 
5 
3 
0 
5 
4 
6 
4 
4 
5 
5 
4 
5 
5 
4 
4 
4 
4 
5 
3 
5 
2 
4 
3 
3 
6 
3 
5 
4 
4 
4 
3 
4 
2813 
2 
341 
4 
6 
5 
4 
0 
4 
6 
5 
7 
5 
91 
6 
8 
0 
4 
0 
4 
4 
5 
0 
4 
2 
0 
6 
0 
4 
4 
0 
4 
0 
3 
4 
0 
3 
91 
4 
4 
3 
3 
4 
0 
5 
4 
5 
2 
3 
0 
4 
0 
4 
5 
4 
3 
0 
3 
5 
4 
4 
0 
3 
0 
3 
0 
3 
3 
0 
0 
3 
4 
3 
3 
4 
5 
0 
5 
4 
3 
0 
3 
0 
4 
0 
0 
3 
4 
2 
3 
3 
0 
4 
0 
5 
0 
5 
0 
6 
4 
4 
0 
42 
51 
3 
0 
5 
0 
3 
5 
0 
4 
0 
3 
0 
5 
0 
3 
4 
4 
5 
2 
5 
5 
3 
4 
5 
0 
0 
4 
0 
4 
3 
0 
3 
0 
6 
212 
3 
0 
3 
0 
3 
0 
2 
0 
4 
0 
4 
0 
6 
0 
2 
0 
4 
5 
6 
0 
6 
5 
4 
5 
5 
4 
5 
5 
5 
3 
4 
0 
0 
5 
4 
4 
4 
4 
0 
4 
0 
3 
0 
4 
5 
3 
3 
7 
7 
7 
0 
0 
5 
0 
0 
4 
0 
6 
5 
0 
0 
4 
0 
4 
4 
0 
3 
5 
3 
4 
5 
0 
3 
3 
5 
0 
4 
0 
3 
0 
5 
0 
3 
0 
4 
0 
2 
4 
3021 
5 
4262 
4 
5 
122 
4 
4 
5 
4 
5 
2 
0 
0 
5 
3 
5 
3 
5 
5 
4 
4 
4 
3 
4 
3 
3 
3 
5 
4 
3 
5 
5 
4 
4 
3 
0 
0 
4 
0 
4 
0 
3 
0 
10 
0 
5 
4 
5 
0 
0 
5 
0 
4 
0 
4 
4 
0 
5 
0 
4 
0 
0 
5 
3 
0 
5 
3 
4 
5 
3 
5 
4 
4 
5 
0 
3 
4 
3 
0 
3 
3 
4 
2 
5 
5 
8 
0 
6 
0 
8 
0 
8 
0 
7 
189 
0 
7 
0 
2 
0 
3 
0 
3 
0 
5 
0 
4 
4 
4 
5 
8 
7 
7 
6 
7 
7 
6 
4 
3 
4 
0 
6 
6 
5 
4 
4 
4 
0 
6 
0 
4 
0 
4 
0 
0 
3 
0 
5 
0 
2 
5 
5 
5 
29 
4 
5 
4 
4 
4 
3 
5 
3 
2 
2 
3 
3 
4 
4 
4 
4 
0 
4 
0 
5 
0 
4 
4 
4 
4 
0 
4 
7 
0 
7 
0 
7 
0 
4 
0 
0 
8 
7 
3 
4 
4 
0 
2 
3 
5 
7 
6 
4 
3 
3 
3 
4 
3 
4 
3 
5 
40058 
4 
4 
5 
4 
10550 
4 
497 
18 
