4204 
206 
3221 
3613 
0 
578 
0 
700 
0 
681 
2 
2 
0 
2 
4 
429 
0 
0 
3 
246 
0 
0 
3 
0 
343 
0 
4 
3 
230 
3 
0 
3 
0 
5 
4 
6 
75 
4 
3 
2 
3 
91 
4 
3 
4 
0 
4 
4 
4 
249 
0 
4 
0 
591 
0 
0 
0 
4 
4 
0 
0 
6 
140 
0 
5 
0 
0 
3 
0 
0 
6 
0 
364 
4 
0 
0 
7 
0 
0 
3 
59 
0 
3 
4 
0 
0 
3 
0 
3 
3 
3 
4 
0 
4 
6 
8 
4 
2 
3 
145 
3 
5 
5 
3 
215 
3 
0 
4 
0 
0 
3 
6 
0 
9 
6 
5 
0 
4 
0 
3 
3 
0 
6 
8 
13 
0 
4 
7 
95 
0 
0 
0 
2 
0 
0 
5 
1129 
5 
0 
4 
0 
4 
6 
4 
10139 
0 
5 
0 
0 
4 
0 
506 
0 
5 
0 
142 
0 
6 
0 
5 
4 
33 
6 
7 
6 
0 
7 
0 
6 
0 
349 
3 
0 
5 
47 
0 
4 
353 
3 
0 
0 
0 
0 
3 
0 
3 
288 
4 
52 
96 
4 
1955 
4 
4 
0 
0 
2 
0 
434 
4 
4 
2 
382 
3 
3 
5 
3 
3 
0 
0 
6 
5 
5 
4 
154 
3 
3 
4 
2 
16 
6 
0 
360 
71 
0 
4 
3 
4 
94 
3 
2 
4 
0 
4 
3 
0 
3 
12 
0 
4 
0 
0 
3 
0 
0 
3 
4 
0 
165 
7 
596 
4 
3 
0 
677 
4 
5 
0 
4 
0 
4 
182 
4 
40 
2 
73 
4 
5 
131 
0 
68 
0 
3 
4 
134 
2 
125 
3 
4 
5 
4 
4 
482 
8 
0 
484 
6 
6 
117 
0 
4 
512 
0 
733 
5 
470 
0 
0 
3 
0 
4 
70 
0 
3 
0 
0 
3 
0 
0 
2 
0 
42 
0 
4 
0 
3 
0 
3 
5 
0 
2 
0 
0 
3 
6 
8469 
1526 
0 
4 
0 
0 
5 
4 
0 
4 
0 
481 
3 
4 
207 
4 
186 
5 
1251 
0 
7 
6 
5 
0 
4 
0 
53 
6 
6 
0 
4 
0 
5 
4 
5 
3 
0 
8 
0 
4 
61 
6 
0 
0 
5 
0 
0 
0 
297 
4 
0 
5 
268 
5 
3 
0 
4 
0 
41 
0 
4 
0 
5 
4 
64 
4 
4 
212 
3 
4 
7 
7 
0 
6 
6 
479 
2 
7 
4 
118 
4 
0 
0 
4 
3 
4 
249 
0 
0 
3 
288 
4 
104 
0 
5 
131 
0 
342 
0 
6 
0 
0 
0 
0 
2 
197 
1229 
0 
756 
0 
0 
5 
0 
6 
0 
0 
2 
668 
0 
3 
419 
3 
2 
4 
0 
37 
3 
0 
4 
191 
0 
0 
4 
0 
4 
5 
7 
7 
7 
74 
0 
4 
180 
0 
5 
0 
0 
0 
4 
0 
0 
0 
3 
10634 
18931 
717 
3861 
0 
5 
408 
0 
4 
176 
0 
393 
0 
3 
58 
0 
3 
0 
0 
3 
0 
276 
3 
3 
0 
909 
5 
6 
0 
4 
3 
21 
4 
250 
3 
3 
5 
0 
3 
0 
282 
3 
3 
319 
3 
4 
3 
141 
2 
3 
0 
22 
3 
4 
0 
5 
6 
0 
112 
4 
4 
0 
0 
397 
4 
5 
131 
4 
0 
3 
0 
0 
3 
0 
0 
0 
4 
93 
4 
161 
0 
3 
516 
2 
0 
8 
181 
0 
3 
0 
0 
0 
3 
470 
6 
3 
0 
0 
5 
0 
6 
4 
0 
4 
0 
131 
4 
4 
2 
117 
5 
0 
280 
3 
0 
3 
92 
4 
4 
4 
4 
138 
15 
0 
41 
4 
4 
7 
6 
4 
4 
4 
82 
5 
3 
3 
107 
3 
3 
0 
139 
3 
8 
4 
4 
153 
4 
3 
2 
3 
56 
6 
0 
3 
0 
3 
0 
0 
3 
4 
0 
0 
3 
0 
4 
5 
4 
3 
97 
0 
4 
0 
4 
7 
5 
700 
3 
0 
4 
4 
2 
5 
0 
0 
3 
0 
0 
5 
4 
4 
0 
6 
426 
0 
3 
0 
3 
302 
4 
5 
0 
4 
4 
0 
0 
5 
0 
419 
2 
5 
0 
5 
0 
4 
4 
65 
0 
2 
128 
49 
0 
3 
0 
0 
6 
0 
5 
0 
6 
312 
3 
91 
4 
490 
2 
12 
4 
5 
0 
5 
195 
0 
4 
3 
0 
2 
203 
0 
0 
0 
4 
10445 
3 
0 
656 
0 
0 
5 
0 
0 
0 
0 
5 
5 
90 
6 
0 
0 
3 
0 
156 
0 
4 
534 
2 
0 
3 
0 
4 
0 
4 
118 
3 
3 
5 
3 
0 
2 
141 
4 
2055 
0 
4 
337 
0 
8 
404 
0 
4 
0 
2 
5 
6 
0 
0 
5 
0 
295 
0 
3 
152 
4 
4 
4 
314 
0 
199 
3 
0 
0 
0 
2 
0 
8 
3 
3 
143 
4 
120 
4 
5 
53 
0 
2 
225 
3 
5 
6 
4 
4 
597 
6 
4 
3 
0 
83 
5 
3 
252 
4 
4 
3 
3 
0 
0 
3 
264 
5 
5 
3 
3 
364 
0 
3 
3 
2 
112 
3 
2 
57 
7 
6 
6 
7 
391 
5 
0 
4 
3 
0 
5 
4 
0 
7 
0 
5 
2 
4 
3 
4 
66 
2 
4 
173 
3 
4 
3 
4 
73 
4 
6 
6 
4 
4 
4 
46 
8 
5 
5 
3 
3 
4 
4 
8 
6 
5 
4 
3 
4 
4 
