8927 
125 
27545 
0 
2 
0 
2 
0 
56 
3 
2 
0 
3 
460 
8 
0 
4 
4 
47 
5 
0 
7 
74 
444 
0 
4 
3 
816 
0 
0 
5 
612 
0 
0 
4 
3 
208 
0 
0 
0 
3 
492 
0 
2 
0 
301 
199 
0 
2 
4 
0 
0 
3 
0 
0 
3 
0 
203 
0 
6 
0 
6 
18 
0 
4 
0 
5 
5 
4 
4 
0 
0 
3 
0 
2 
0 
101 
7 
3 
399 
4 
4 
2 
547 
0 
0 
4 
603 
0 
2 
0 
7 
0 
11 
19 
3 
3 
3 
354 
4 
0 
4 
3 
3 
257 
4 
0 
4 
0 
5 
3 
0 
3 
0 
433 
0 
2 
5 
3 
444 
0 
3 
3 
438 
6 
4 
0 
4 
0 
3 
0 
0 
6 
0 
4 
2 
0 
3 
0 
4 
0 
4 
2 
4 
3 
3 
3 
607 
4 
5 
231 
0 
0 
3 
1031 
4 
4 
4 
6 
8 
0 
4 
25 
4 
4 
317 
4 
0 
57 
64 
4 
4 
5 
0 
2 
0 
12 
0 
0 
5 
0 
4 
0 
4 
0 
3 
0 
0 
3 
4 
0 
4 
4 
0 
4 
750 
4 
0 
7 
15 
0 
4 
0 
3 
3 
0 
0 
7 
7 
265 
0 
4 
0 
4 
209 
0 
0 
3 
0 
4 
4 
0 
0 
3 
0 
3 
3 
0 
0 
4 
0 
0 
4 
118 
0 
0 
5 
15 
4 
0 
3 
0 
0 
3 
10121 
0 
3 
0 
6 
0 
7 
39 
0 
4 
279 
0 
4 
4 
198 
0 
0 
5 
426 
4 
0 
0 
3 
323 
0 
4 
2387 
0 
5 
0 
4 
0 
345 
3 
0 
3 
4 
4 
4 
0 
3 
0 
5 
33 
106 
0 
5 
0 
157 
0 
5 
0 
3 
0 
6 
0 
0 
4 
0 
166 
3 
0 
194 
0 
8 
245 
4 
0 
5 
74 
6 
5 
0 
0 
3 
0 
4 
4 
0 
235 
3 
0 
0 
7 
0 
3 
3 
4 
0 
4 
0 
0 
5 
0 
61 
178 
4 
0 
2 
3 
0 
4 
0 
3 
0 
5 
4 
0 
0 
5 
269 
0 
3 
0 
4 
0 
4 
0 
0 
5 
0 
4 
3 
0 
0 
73 
0 
0 
6 
357 
4 
63 
4 
0 
0 
4 
3 
136 
0 
5 
221 
220 
3 
0 
21 
4 
0 
6 
4 
5 
5 
5 
4 
0 
3 
2 
403 
4 
0 
4 
10 
24 
4 
0 
4 
0 
0 
0 
3 
4 
115 
3 
187 
3 
0 
0 
0 
572 
0 
4 
2 
5 
474 
0 
0 
0 
579 
38 
6 
4 
17219 
4 
1179 
776 
344 
4007 
0 
3 
3 
171 
4 
61 
0 
7 
6 
8 
0 
0 
7 
4 
4 
436 
0 
0 
640 
3 
0 
5 
0 
325 
0 
5 
7 
4 
0 
6 
65 
5 
0 
6 
5 
0 
6 
139 
9 
5 
523 
814 
3 
3 
4 
5 
0 
0 
4 
0 
4 
246 
0 
4 
565 
5 
4 
90 
0 
0 
5 
0 
5 
6 
139 
0 
0 
5 
96 
0 
5 
44 
190 
0 
0 
0 
8 
7 
6 
6 
0 
4 
0 
4 
0 
309 
0 
0 
243 
3 
0 
0 
22 
5 
0 
5 
4 
0 
2 
0 
4 
0 
5 
0 
5 
7 
173 
0 
7 
7 
0 
288 
0 
5 
4 
564 
0 
3 
0 
0 
308 
0 
5 
396 
5 
0 
3 
2 
4 
0 
4 
4 
0 
3 
6 
4 
4 
0 
4 
0 
5 
4 
0 
0 
6 
0 
5 
8 
0 
6 
0 
5 
3 
215 
0 
4 
6 
43 
0 
0 
4 
34 
2 
5 
0 
136 
3 
0 
4 
0 
0 
4 
0 
3 
0 
3 
4 
0 
0 
4 
0 
5 
0 
3 
0 
2 
0 
0 
2 
3 
0 
8 
4 
0 
0 
6 
0 
0 
5 
0 
3 
0 
0 
0 
4 
0 
0 
3 
0 
4 
0 
4 
0 
4 
6 
0 
3 
0 
5 
3 
0 
4 
0 
3 
5 
3 
6 
0 
4 
0 
0 
3 
266 
0 
3 
0 
3 
103 
0 
4 
0 
0 
7 
7 
7 
376 
108 
0 
5 
0 
0 
5 
0 
3 
0 
4 
0 
7167 
4 
2445 
0 
4 
495 
4 
0 
5 
0 
0 
5 
30 
0 
0 
4 
0 
4 
76 
4 
3 
0 
0 
4 
0 
0 
4 
6 
0 
0 
5 
7 
6 
7 
0 
0 
7 
593 
3 
5 
0 
0 
4 
0 
4 
0 
4 
4 
0 
3 
395 
0 
4 
0 
0 
3 
5 
4 
4 
4 
4 
297 
847 
1907 
6 
354 
4 
0 
5 
0 
0 
6 
3 
0 
0 
4 
0 
0 
229 
5 
0 
3 
3 
0 
4 
92 
5 
0 
0 
3 
0 
3 
0 
6 
316 
3 
4 
287 
0 
0 
7 
0 
8 
0 
0 
7 
5 
0 
3 
0 
0 
3 
229 
4 
4 
7 
281 
2 
4 
0 
4 
0 
269 
0 
4 
229 
4 
0 
87 
4 
3 
0 
0 
5 
0 
0 
466 
4 
0 
6 
6 
3 
0 
0 
4 
0 
5 
7 
6 
0 
3 
4 
0 
0 
4 
4 
3 
0 
3 
0 
6 
0 
0 
4 
283 
0 
4 
0 
2 
3 
0 
5 
0 
4 
150 
3 
0 
4 
0 
375 
4 
4 
2 
134 
5 
0 
4 
4 
4 
0 
7 
0 
3 
4 
3 
0 
4 
6 
383 
192 
0 
3 
4 
0 
0 
5 
0 
4 
0 
0 
4 
78 
113 
4 
0 
5 
0 
4 
0 
0 
4 
3 
0 
5 
3 
0 
3 
255 
7 
0 
3 
0 
0 
4 
0 
0 
5 
0 
4 
4 
0 
0 
172 
0 
6 
6 
0 
2 
4 
0 
5 
148 
0 
3 
147 
0 
4 
362 
5 
0 
3 
0 
205 
0 
4 
207 
434 
0 
8 
641 
3 
4 
3 
3 
3 
0 
0 
3 
5 
4 
5 
4 
0 
4 
0 
4 
8 
4 
0 
3 
0 
4 
0 
0 
0 
4 
0 
3 
100 
4 
0 
4 
6 
5 
0 
6 
5 
