4204 
4 
11391 
3 
2 
949 
Game Start 
3312 
2 
2 
185 
3 
0 
0 
3 
0 
0 
3 
0 
2 
224 
5 
0 
6 
0 
2 
0 
0 
3 
0 
4 
4 
3 
0 
3 
0 
3 
0 
0 
3 
4 
0 
3 
0 
38 
5 
67 
3 
5 
0 
6 
210 
0 
5 
0 
4 
0 
2 
4 
5 
0 
5 
23 
63 
0 
7 
0 
0 
7 
245 
4 
5 
0 
3 
466 
3 
2 
0 
0 
5 
0 
4 
0 
5 
4 
211 
3 
4 
147 
0 
5 
0 
5 
23 
6 
40 
6 
0 
2 
3 
0 
2 
0 
3 
3 
0 
0 
2 
0 
5 
44 
3 
74 
5 
33 
6 
0 
0 
4 
0 
3 
0 
4 
4 
0 
59 
3 
0 
4 
0 
4 
0 
3 
0 
3 
0 
64 
3 
5 
0 
7 
8 
0 
0 
4 
0 
4 
0 
0 
5 
0 
6 
0 
0 
4 
0 
1 
4 
40 
3 
0 
4 
3 
0 
5 
3 
0 
0 
5 
0 
3 
3 
0 
5 
0 
68 
4 
0 
2 
5 
161 
4 
0 
0 
5 
6 
35 
5 
0 
4 
0 
6 
0 
0 
6 
0 
8 
0 
4 
0 
3 
0 
4 
6 
22 
4 
0 
3 
0 
3 
0 
2 
0 
5 
32 
2 
17 
4 
0 
2 
0 
4 
0 
0 
2 
0 
4 
4 
0 
0 
2 
0 
3 
0 
4 
4 
4 
0 
6 
2882 
2 
4 
3661 
754 
3 
2 
3 
5 
3 
2 
4 
4 
0 
3 
4 
4 
0 
4 
0 
2 
0 
5 
135 
346 
348 
0 
0 
3 
0 
3 
0 
6 
6 
69 
2903 
4 
3 
4 
0 
0 
4 
0 
0 
4 
4 
6 
5 
0 
8 
10 
4 
0 
6 
0 
4 
0 
4 
135 
5 
96 
3 
0 
3 
3 
4 
0 
52 
0 
5 
56 
164 
4 
4 
3 
0 
0 
0 
0 
4 
0 
0 
14 
93 
62 
3 
0 
3 
0 
4 
0 
169 
0 
0 
7 
0 
4 
0 
4 
277 
443 
0 
0 
3 
0 
4 
0 
75 
137 
3 
2 
0 
115 
0 
31 
0 
3 
0 
3 
0 
0 
3 
0 
3 
0 
3 
0 
7 
0 
7 
0 
0 
3 
4 
4 
0 
0 
0 
5 
4 
0 
4 
4 
4 
3 
27 
106 
0 
3 
0 
0 
3 
5 
0 
5 
0 
3 
0 
4 
5 
0 
0 
0 
4 
5174 
4 
0 
4 
793 
662 
8033 
1377 
5766 
694 
2423 
4 
3 
12 
5 
4 
0 
5 
2 
2 
0 
7 
5 
4 
0 
0 
0 
6 
0 
6 
6 
0 
3 
92 
3 
0 
4 
0 
0 
4 
0 
0 
3 
0 
0 
3 
0 
104 
5 
0 
4 
0 
3 
48 
7 
7 
8 
0 
4 
49 
0 
4 
0 
6 
4 
84 
3 
40 
399 
0 
190 
3 
111 
5 
0 
4 
14 
2 
0 
3 
28 
0 
0 
4 
0 
6 
5 
0 
0 
3 
0 
6 
7 
33 
4 
3 
0 
4 
0 
4 
0 
0 
4 
0 
0 
2 
0 
0 
3 
0 
5 
0 
4 
0 
3 
0 
4 
3 
0 
7 
0 
0 
4 
0 
0 
0 
4 
4 
3 
3 
0 
0 
6 
5 
0 
6 
0 
5 
0 
5 
0 
0 
4 
0 
3 
0 
21 
0 
3 
649 
0 
0 
4 
0 
0 
0 
4 
0 
4 
0 
3 
0 
0 
4 
3 
0 
0 
5 
0 
3 
4 
0 
4 
0 
0 
5 
0 
6 
7 
0 
0 
8 
0 
6 
0 
5 
0 
0 
4 
0 
0 
5 
3 
0 
3 
3 
0 
7466 
3 
155 
4 
4 
5 
3 
3 
5 
4 
5 
3 
4 
5 
5 
0 
0 
0 
0 
0 
4 
0 
0 
5 
5 
5 
5 
4 
4 
0 
4 
0 
6 
0 
0 
0 
5 
0 
0 
4 
0 
5 
0 
7 
6 
0 
3 
7 
0 
4 
5 
0 
0 
6 
6 
0 
3 
0 
0 
5 
0 
0 
4 
0 
0 
4 
0 
0 
5 
0 
5 
0 
0 
4 
0 
0 
0 
4 
7 
3 
0 
0 
4 
0 
0 
0 
8 
4 
0 
0 
5 
0 
0 
0 
5 
0 
0 
92 
7 
0 
82 
7 
4 
0 
6 
0 
4 
0 
0 
5 
0 
7 
0 
8 
0 
0 
5 
40 
0 
7 
0 
0 
5 
0 
4 
0 
0 
0 
2 
0 
6 
0 
0 
406 
3 
79 
0 
0 
0 
0 
891 
5 
0 
0 
2 
0 
4 
0 
3 
0 
0 
3 
0 
0 
0 
6 
107 
4 
0 
4 
0 
5 
3 
0 
0 
5 
0 
0 
4 
3 
0 
0 
5 
0 
6 
0 
60 
6703 
506 
1342 
2531 
6028 
