3413 
3 
818 
Game Start 
2680 
3 
140 
3 
100 
2 
3 
3 
0 
0 
0 
6 
0 
5 
0 
4 
0 
3 
0 
0 
0 
7 
0 
0 
5 
0 
4 
98 
6 
4 
0 
0 
0 
5 
0 
0 
5 
4 
0 
0 
6 
0 
4 
0 
4 
0 
0 
5 
0 
17 
0 
0 
6 
0 
4 
0 
0 
0 
3 
0 
0 
4 
0 
7 
0 
7 
7 
0 
0 
2 
0 
4 
0 
0 
4 
0 
4 
3 
0 
0 
4 
0 
0 
3 
0 
5 
0 
0 
0 
4 
0 
0 
0 
5 
26 
4 
4 
4 
0 
0 
5 
0 
5 
0 
0 
4 
0 
6 
0 
5 
0 
0 
6 
5 
0 
3 
0 
0 
5 
0 
0 
4 
0 
0 
0 
5 
0 
4 
0 
3 
0 
5 
0 
0 
3 
5 
0 
4 
3 
5 
0 
0 
4 
0 
0 
6 
0 
0 
10 
0 
0 
0 
0 
8 
0 
6 
0 
4 
0 
0 
0 
0 
5 
0 
0 
0 
3 
0 
5 
4 
0 
3 
3 
4 
0 
3 
0 
5 
0 
0 
0 
3 
0 
0 
5 
0 
0 
6 
0 
0 
4 
0 
0 
5 
0 
4 
0 
6 
0 
6 
0 
5 
7 
0 
7 
0 
0 
0 
4 
0 
0 
6 
0 
3 
0 
0 
0 
3 
0 
4 
0 
6 
0 
4 
0 
4 
0 
0 
0 
3 
0 
0 
5 
0 
3 
0 
0 
0 
4 
3 
0 
0 
4 
0 
5 
0 
0 
5 
5 
5 
0 
0 
0 
0 
6 
0 
2 
0 
3 
0 
5 
6 
0 
0 
0 
0 
4 
0 
4 
0 
0 
5 
5 
0 
0 
0 
0 
3 
0 
0 
0 
4 
4 
4703 
659 
8 
0 
5 
4 
0 
352 
0 
5 
3 
86 
2 
0 
6 
5 
0 
4 
0 
4 
4 
3 
3 
4 
0 
3 
0 
4 
0 
0 
7 
130 
4 
0 
4 
0 
0 
0 
6 
5 
0 
4 
2 
2 
6 
0 
5 
0 
0 
2 
4 
0 
0 
4 
0 
0 
5 
0 
0 
0 
4 
3 
0 
0 
0 
0 
4 
0 
0 
0 
0 
0 
3 
0 
0 
8 
0 
0 
0 
0 
4 
0 
4 
0 
3 
0 
0 
0 
5 
0 
0 
2 
0 
6 
0 
0 
0 
4 
3 
0 
3 
3 
4 
0 
4 
0 
0 
4 
4 
3 
0 
0 
3 
0 
0 
4 
0 
3 
0 
0 
0 
5 
0 
0 
8 
3 
0 
6 
0 
5 
0 
4 
5 
5 
4 
0 
0 
3 
4 
0 
0 
5 
3 
2 
4 
0 
0 
3 
0 
0 
0 
7 
0 
4 
0 
3 
0 
4 
0 
3 
0 
3 
0 
0 
0 
6 
0 
0 
6 
0 
0 
7 
6 
5 
3 
4 
0 
0 
3 
13667 
1292 
5 
792 
5 
397 
973 
136 
5 
1114 
3 
2 
0 
6 
0 
195 
0 
190 
4 
5 
3 
0 
3 
0 
0 
3 
0 
0 
4 
0 
2 
5 
0 
3 
0 
0 
3 
0 
0 
0 
4 
0 
4 
3 
0 
4 
4 
2 
0 
0 
0 
5 
0 
0 
0 
2 
0 
6 
0 
4 
0 
4 
0 
0 
0 
4 
0 
0 
5 
0 
0 
5 
5 
0 
5 
3 
0 
0 
0 
2 
0 
0 
4 
0 
0 
0 
3 
0 
3 
0 
0 
5 
0 
0 
4 
0 
0 
5 
0 
0 
5 
0 
5 
4 
0 
4 
0 
2 
0 
6 
0 
6 
4 
0 
0 
3 
0 
0 
3 
0 
3 
0 
4 
0 
4 
5 
0 
4 
2 
2 
3 
0 
4 
0 
5 
0 
0 
0 
5 
4 
0 
0 
3 
3 
0 
0 
5 
0 
3 
0 
3 
0 
3 
5 
4 
6 
0 
4 
4 
3 
86 
0 
0 
4 
0 
3 
0 
0 
0 
0 
3 
0 
0 
4 
0 
0 
5 
0 
0 
0 
0 
2 
0 
5 
4 
0 
4 
0 
0 
4 
0 
5 
0 
6 
0 
0 
4 
0 
0 
2 
0 
6 
0 
4 
0 
0 
1 
0 
56 
0 
3 
0 
0 
6 
0 
4 
0 
4 
0 
0 
5 
0 
0 
3 
5 
6 
0 
4 
0 
3 
0 
5 
0 
0 
4 
3 
4 
4 
3 
0 
3 
4 
0 
0 
7 
0 
6 
0 
4 
3 
5644 
967 
2 
162 
2 
4 
4 
196 
5 
3 
3 
5 
5 
5 
6 
3 
4 
3 
4 
0 
0 
4 
2 
0 
6 
6 
0 
0 
0 
4 
0 
7 
5 
0 
0 
4 
0 
3 
0 
2 
0 
0 
3 
0 
0 
0 
0 
4 
0 
0 
0 
4 
0 
2 
0 
5 
4 
0 
0 
4 
5 
0 
4 
0 
0 
6 
0 
7 
0 
0 
7 
0 
0 
9 
0 
0 
0 
7 
0 
0 
0 
3 
0 
0 
0 
5 
0 
3 
0 
4 
0 
0 
4 
0 
4 
0 
5 
0 
0 
0 
3 
0 
3 
0 
3 
0 
0 
0 
7 
0 
0 
0 
4 
0 
0 
3 
0 
4 
4 
0 
3 
0 
0 
4 
0 
2 
3 
5 
0 
4 
0 
4 
0 
0 
3 
0 
0 
4 
0 
4 
0 
0 
3 
0 
4 
0 
0 
0 
5 
0 
2 
6 
0 
4 
0 
0 
0 
0 
0 
0 
4 
0 
0 
0 
4 
0 
0 
0 
2 
0 
0 
3 
3 
4 
7 
0 
0 
0 
5 
0 
0 
3 
3 
0 
6 
0 
7 
7 
39 
0 
0 
0 
5 
0 
0 
0 
0 
0 
166 
3 
3 
0 
4 
0 
0 
0 
0 
3 
0 
0 
0 
6 
0 
0 
0 
8 
0 
0 
3 
0 
3 
0 
0 
0 
0 
4 
3 
3 
0 
3 
0 
0 
0 
0 
0 
4 
0 
3 
