3014 
2099 
277 
3 
138 
2 
73 
345 
10 
8 
12 
3 
56 
0 
66 
268 
0 
744 
3 
35 
79 
16 
131 
49 
179 
2 
0 
197 
5 
10 
761 
0 
3 
157 
434 
3 
1 
96 
2 
5 
6 
0 
6 
0 
3 
0 
5 
0 
0 
4 
0 
218 
87 
32 
50 
39 
38 
18 
26 
0 
5 
0 
5 
0 
5 
3 
4 
43 
86 
0 
5 
63 
4 
5 
2 
4 
0 
0 
4 
0 
3 
0 
458 
284 
0 
5 
0 
4 
0 
6 
54 
0 
2 
0 
4 
17 
2 
7 
3 
4 
5 
0 
0 
3 
4 
0 
2 
167 
3 
3 
60 
0 
5 
5 
216 
2 
6 
4 
955 
3 
34 
6 
74 
6 
21 
3 
25 
3 
751 
3 
385 
3 
221 
2 
22 
4 
0 
6 
0 
5 
0 
26 
0 
3 
129 
3 
4 
0 
6 
0 
4 
76 
5 
0 
3 
5 
273 
4 
0 
3 
3 
0 
3 
0 
26 
5 
4792 
373 
175 
7 
370 
5 
2903 
0 
64 
477 
32 
4 
60 
41 
128 
4 
16 
3 
0 
4 
0 
4 
0 
5 
0 
4 
5 
3 
4 
0 
760 
3 
0 
150 
3 
3 
0 
0 
0 
7 
5 
3 
0 
0 
3 
6 
123 
0 
0 
7 
24 
252 
0 
3 
419 
3 
0 
0 
71 
233 
4 
33 
232 
0 
3 
4 
64 
0 
315 
0 
95 
0 
210 
0 
11 
674 
0 
40 
4 
4 
3 
4 
776 
45 
52 
3 
0 
13 
4 
5 
190 
89 
0 
2 
335 
79 
0 
42 
261 
64 
46 
3 
4 
0 
2 
0 
4 
94 
39 
4 
5 
0 
0 
3 
0 
5 
0 
7 
8 
0 
4 
3 
2 
4 
0 
4 
0 
4 
0 
148 
320 
0 
5 
0 
4 
5 
0 
4 
0 
4 
0 
2 
4 
0 
4 
0 
3 
4 
0 
124 
0 
55 
338 
9 
0 
261 
60 
16 
5 
31 
250 
306 
0 
50 
406 
0 
35 
2 
381 
0 
3 
15 
0 
20 
0 
3 
5 
0 
300 
5 
4 
163 
736 
4 
356 
2 
4 
5 
3 
3 
3 
4 
6688 
366 
313 
260 
309 
1200 
3 
5672 
1615 
322 
318 
1072 
3913 
2 
3 
346 
4 
69 
2 
4 
3 
3 
6 
0 
394 
68 
20 
35 
324 
4 
0 
0 
6 
0 
4 
0 
4 
0 
3 
177 
0 
224 
12 
0 
6 
48 
0 
148 
0 
45 
192 
0 
317 
0 
672 
0 
4 
0 
0 
5 
3 
3 
5 
3 
0 
4 
50 
278 
0 
0 
53 
6 
75 
4 
93 
30 
0 
209 
0 
4 
140 
6 
0 
135 
3 
0 
6 
0 
0 
3 
2 
0 
3 
4 
0 
2 
136 
0 
5 
371 
0 
4 
0 
4 
3 
40 
4 
5 
3 
4 
0 
3 
0 
4 
4 
3 
0 
6 
6 
0 
8 
0 
0 
72 
0 
1304 
0 
0 
4 
104 
17 
0 
4 
0 
0 
5 
3 
0 
3 
0 
3 
0 
4 
0 
5 
4 
4 
3 
0 
32 
0 
124 
0 
5 
59 
0 
4 
0 
4 
0 
6 
4 
548 
7 
6 
68 
2 
261 
3 
0 
9 
3 
5 
0 
3 
0 
0 
5 
0 
4 
133 
0 
3 
0 
42 
0 
3 
0 
4 
560 
143 
0 
4 
33 
3 
0 
85 
2 
0 
195 
5 
6 
12 
4 
0 
5 
0 
0 
4 
0 
2 
0 
4 
0 
4 
3 
4 
0 
4 
0 
5 
3 
3 
4 
4 
0 
0 
21 
4 
0 
3 
66 
3 
14 
3 
0 
5 
3 
0 
5115 
4267 
0 
5 
47 
502 
0 
650 
0 
322 
775 
4 
250 
5 
402 
209 
318 
103 
5 
5 
3 
2 
2 
3 
0 
0 
437 
168 
3 
3 
17 
4 
0 
4 
0 
4 
157 
0 
3 
48 
4 
2563 
179 
84 
74 
29 
0 
7 
0 
7 
0 
6 
0 
4 
0 
2 
4 
0 
3 
4 
4 
3 
4 
7 
5 
3 
2 
0 
4 
5 
0 
4 
3 
69 
4 
2 
108 
4 
4 
5 
3 
4 
4 
12 
2 
0 
5 
5 
4 
187 
6 
7 
0 
59 
6 
7 
31 
6 
4 
2 
50 
3 
0 
0 
4 
135 
0 
4 
4 
0 
5 
5 
0 
4 
98 
3 
37 
3 
0 
24 
160 
126 
5 
37 
164 
5 
65 
4 
39 
3 
86 
4 
33 
305 
73 
0 
2 
0 
0 
4 
5467 
198 
176 
91 
10644 
2053 
304 
