3415 
1486 
3 
1867 
2 
2 
3 
19 
3 
1 
1 
2 
3 
1 
4 
4 
223 
5 
4 
5 
3 
4 
0 
6 
0 
5 
0 
6 
0 
4 
4 
48 
0 
0 
0 
5 
339 
0 
6 
149 
0 
250 
0 
7 
0 
8 
5 
0 
4 
835 
0 
4 
130 
0 
496 
3 
157 
4 
3 
3 
3 
87 
0 
3 
163 
4 
0 
91 
5 
6 
6 
42 
0 
334 
0 
4 
104 
0 
4 
260 
0 
5 
0 
0 
3 
4 
0 
0 
3 
4 
0 
3 
171 
0 
170 
0 
4 
5 
0 
4 
258 
0 
440 
0 
546 
604 
0 
1045 
0 
416 
0 
349 
3 
4 
291 
0 
389 
0 
250 
0 
3 
0 
0 
3 
0 
0 
7 
118 
3 
0 
4 
0 
5 
0 
4 
514 
0 
5 
175 
0 
4 
1079 
6 
411 
3 
2 
3 
4 
4 
240 
4 
3 
2 
4 
5 
255 
2 
4 
2 
4 
3 
5 
5 
6 
5 
4 
4 
57 
0 
423 
0 
257 
5 
4 
224 
0 
4 
35 
0 
5 
47 
3 
81 
3 
0 
4 
360 
0 
4 
0 
3 
2 
17 
5 
0 
0 
5 
0 
0 
4 
0 
4 
0 
5 
0 
4 
0 
7 
0 
6 
0 
0 
0 
4 
3 
0 
3 
0 
0 
8 
5 
0 
3 
3 
0 
6 
0 
7 
0 
3 
4 
77 
0 
4 
4 
0 
3 
4 
83 
5 
4 
530 
0 
4 
20 
36 
17 
5 
27 
5 
2 
5 
0 
4 
4 
0 
4 
186 
0 
3 
2 
4 
0 
0 
5 
202 
0 
6 
0 
2 
3 
149 
3 
0 
4 
7 
5 
5 
3 
3 
3 
6 
3 
3 
5 
5 
4 
0 
0 
4 
0 
0 
5 
0 
3 
0 
0 
2 
4 
5 
0 
0 
3 
5 
286 
0 
3 
3 
622 
3 
0 
5 
2 
0 
0 
3 
2 
0 
0 
0 
4 
0 
3 
0 
6 
0 
0 
4 
5 
4 
0 
5 
4 
4 
0 
3 
0 
0 
6 
4 
5 
4 
506 
2954 
5145 
3 
5 
5 
6 
4 
0 
5 
0 
5 
0 
3 
0 
217 
4 
0 
0 
398 
0 
3 
4 
3195 
4 
0 
3 
0 
3 
4 
0 
3 
0 
4 
0 
4 
0 
2 
0 
4 
0 
4 
0 
5 
0 
3 
0 
7 
0 
4 
205 
4 
0 
3 
0 
4 
0 
4 
0 
6 
0 
4 
4 
0 
5 
6 
0 
5 
0 
4 
3 
5 
4 
6 
0 
0 
0 
4 
5 
6 
4 
3 
2 
0 
4 
0 
0 
4 
3 
3 
0 
3 
0 
0 
4 
0 
0 
29 
79 
0 
5 
4 
146 
5 
4 
107 
18 
4 
5 
0 
5 
0 
0 
0 
4 
29 
6 
41 
5 
8 
56 
0 
7 
0 
0 
4 
4 
4 
0 
4 
0 
4 
0 
4 
0 
4 
4 
0 
4 
0 
5 
0 
4 
0 
2 
0 
3 
0 
4 
0 
4 
3 
0 
5 
4 
4 
5 
4 
5 
198 
4 
3 
3 
3 
3 
893 
5 
0 
3 
2 
0 
7 
7 
7 
6 
0 
5 
0 
3 
0 
5 
3 
3 
0 
5 
0 
0 
3 
0 
3 
4 
0 
2 
3 
3 
2 
5564 
284 
2616 
88 
40 
6 
12 
31 
13 
27 
448 
90 
30 
34 
7 
30 
605 
72 
38 
11 
18 
6 
11 
10 
15 
20 
93 
3324 
3 
3 
6 
0 
5 
3 
4 
3 
0 
4 
0 
4 
0 
0 
4 
0 
5 
0 
5 
0 
0 
4 
0 
4 
4 
0 
3 
0 
3 
0 
5 
0 
0 
3 
331 
4 
0 
4 
4 
0 
0 
5 
4 
0 
0 
3 
0 
4 
6 
0 
5 
0 
4 
3 
0 
2 
6 
3 
2 
4 
22 
0 
5 
4 
0 
4 
77 
0 
4 
5 
0 
3 
288 
3 
5 
5 
96 
4 
0 
4 
0 
0 
2 
5 
0 
4 
0 
6 
4 
0 
3 
0 
5 
5 
7 
0 
7 
0 
6 
0 
0 
3 
0 
0 
5 
0 
0 
70 
0 
3 
0 
0 
4 
0 
4 
0 
3 
4 
0 
0 
5 
3 
2 
3 
4 
3 
0 
3 
0 
0 
3 
3 
3 
0 
5 
0 
0 
4 
0 
3 
4 
0 
5 
6 
0 
2 
0 
0 
2 
0 
2 
0 
4 
0 
3 
0 
0 
4 
0 
6 
0 
3 
0 
5 
0 
2 
73 
4 
0 
4 
0 
5 
0 
0 
4 
4 
0 
0 
4 
5 
0 
0 
0 
4 
0 
0 
5 
3 
0 
0 
4 
0 
5 
0 
6 
5 
0 
7 
0 
7 
0 
4 
0 
0 
4 
0 
0 
5 
0 
2 
0 
4 
0 
0 
5 
0 
5 
0 
4 
985 
4 
4 
0 
3 
0 
4 
0 
5 
0 
4 
0 
0 
5 
0 
4 
0 
4 
0 
4 
0 
0 
4 
8 
0 
0 
4 
0 
6 
0 
3 
0 
0 
0 
5 
6 
4 
0 
0 
5 
3 
0 
4 
3 
0 
4 
103 
0 
0 
2 
0 
4 
0 
4 
5 
0 
0 
5 
0 
0 
0 
7 
0 
0 
7 
0 
0 
5 
0 
3 
2 
5 
7 
0 
4 
0 
3 
0 
2 
0 
2 
5 
0 
2 
3 
0 
5 
0 
0 
3 
0 
0 
4 
3 
0 
3 
0 
0 
4 
0 
0 
4 
3 
3 
3 
0 
0 
0 
2 
5 
6 
0 
0 
0 
2 
0 
2 
0 
4 
0 
4 
0 
3 
0 
5 
0 
3 
0 
3 
2334 
5 
239 
8 
0 
0 
3 
0 
4 
5 
0 
3 
0 
0 
3 
0 
0 
5 
0 
0 
8 
0 
7 
5463 
3634 
3 
4 
0 
4 
4 
3 
0 
3 
4 
4 
6 
0 
4 
3 
4 
0 
5 
4 
3 
0 
4 
188 
0 
4 
0 
5 
0 
4 
0 
0 
3 
0 
5 
3 
0 
0 
5 
5 
0 
0 
3 
4 
0 
3 
2 
6 
8 
5 
5 
5 
4 
63 
4 
0 
0 
303 
6 
0 
3 
0 
0 
2 
0 
2 
0 
4 
3 
6 
0 
3 
0 
0 
4 
5 
0 
3 
3 
0 
5 
0 
0 
6 
0 
5 
4 
0 
2 
0 
3 
0 
4 
307 
5 
481 
2 
2 
3 
95 
6 
0 
4 
0 
0 
2 
0 
4 
0 
3 
0 
4 
0 
3 
2 
4 
0 
5 
6 
40 
7 
4 
0 
2 
0 
0 
4 
0 
0 
5 
4 
3 
3 
4 
4 
4 
4 
4 
4 
15 
0 
4 
0 
4 
4 
5 
102 
0 
69 
0 
5 
0 
0 
4 
0 
5 
0 
0 
6 
7 
4 
6 
3 
2 
5 
4 
6 
7 
3 
0 
2 
0 
4 
5 
4 
0 
0 
4 
0 
4 
4 
5 
4 
4 
5 
8 
4 
3 
3 
2 
5 
0 
3 
3 
4 
4 
6 
7 
5 
3 
3 
2 
4 
0 
3 
5 
4 
6 
4 
700 
2 
4 
3098 
6 
6 
0 
3 
230 
3 
0 
2 
0 
4 
0 
4 
2249 
0 
4 
0 
0 
4 
0 
4 
4 
97 
257 
6 
0 
2 
0 
3 
0 
0 
3 
0 
3 
0 
0 
3 
0 
3 
5 
0 
0 
5 
0 
5 
577 
2 
2 
4 
5 
2 
3 
5 
0 
2 
0 
5 
3 
5 
0 
6 
6 
5 
0 
4 
0 
5 
0 
6 
0 
6 
2 
1 
5 
0 
5 
0 
2 
0 
0 
4 
4 
0 
0 
0 
5 
5 
0 
3 
0 
4 
0 
3 
3 
0 
5 
0 
0 
5 
0 
0 
4 
0 
4 
0 
0 
28 
396 
4 
2 
6 
81 
0 
6 
0 
0 
6 
0 
0 
4 
0 
6 
0 
0 
6 
0 
2 
0 
0 
4 
0 
5 
0 
5 
6 
0 
4 
0 
3 
249 
0 
0 
2 
4 
3 
0 
4 
4 
0 
3 
0 
0 
5 
4 
0 
4 
0 
4 
4 
4 
0 
3 
0 
0 
8 
0 
8 
0 
44 
3 
0 
0 
2 
0 
4 
0 
0 
8 
5 
0 
4 
0 
0 
3 
0 
0 
4 
0 
0 
4 
0 
0 
4 
0 
5 
4 
3 
0 
3 
0 
0 
4 
4 
0 
4 
0 
4 
0 
5 
0 
4 
0 
4 
0 
0 
4 
0 
0 
6 
0 
8 
0 
6 
0 
0 
0 
5 
0 
0 
5 
0 
4 
0 
4 
0 
4 
0 
0 
5 
0 
5 
0 
0 
4 
0 
4 
0 
5 
0 
2 
0 
4 
0 
4 
8195 
