7582 
4 
2 
1478 
Game Start 
3567 
1 
2 
0 
0 
2 
0 
0 
0 
0 
5 
0 
0 
0 
0 
4 
0 
0 
4 
0 
3 
0 
3 
0 
4 
3 
6 
5 
0 
0 
5 
0 
0 
4 
0 
0 
3 
0 
6 
4 
0 
4 
3 
4 
0 
0 
5 
5 
0 
0 
0 
4 
0 
0 
0 
4 
0 
0 
0 
6 
0 
0 
3 
0 
5 
0 
0 
4 
0 
0 
0 
5 
0 
0 
0 
3 
3 
0 
4 
5 
6 
4 
5 
3 
5 
3 
5 
5 
0 
0 
4 
0 
0 
3 
0 
0 
0 
3 
0 
6 
4 
0 
4 
3 
0 
4 
0 
0 
3 
0 
0 
0 
3 
0 
4 
0 
3 
0 
7 
0 
0 
0 
0 
7 
0 
3 
0 
3 
0 
5 
0 
0 
3 
3 
0 
0 
5 
0 
3 
0 
5 
0 
0 
0 
4 
0 
0 
0 
4 
0 
6 
4 
4295 
4 
4 
4 
4 
4937 
0 
3 
0 
0 
0 
3 
0 
0 
3 
0 
0 
5 
0 
0 
4 
0 
0 
0 
4 
0 
0 
4 
0 
0 
0 
4 
0 
5 
3 
0 
5 
0 
4 
0 
6 
0 
5 
4 
0 
7 
0 
5 
5 
3 
3 
4 
0 
7 
0 
4 
0 
4 
5 
4 
7 
4 
0 
3 
0 
0 
4 
0 
2 
0 
5 
0 
0 
4 
0 
2 
5 
5 
4 
4 
4 
0 
5 
0 
0 
5 
0 
4 
3 
4 
5 
0 
0 
6 
3 
0 
0 
4 
0 
0 
7 
0 
7 
0 
2 
3 
0 
0 
6 
0 
3 
0 
4 
3 
4 
0 
4 
2 
4 
3 
5 
3 
4 
0 
5 
0 
0 
4 
0 
0 
2 
0 
3 
4 
4 
0 
5 
0 
4 
0 
3 
0 
4 
0 
0 
5 
0 
3 
0 
4 
0 
6 
0 
0 
8 
0 
3 
0 
4 
0 
7 
4 
8 
5 
6 
4 
3 
3 
4 
0 
5 
0 
4 
0 
3 
4 
3 
4 
4 
3 
4 
4 
3 
5 
3 
6 
0 
5 
4 
3 
4 
4 
5 
3 
0 
0 
0 
3 
0 
5 
8 
6 
0 
6 
3 
4 
0 
3 
7 
5 
0 
6 
5 
4 
4 
0 
3 
5 
0 
6 
0 
3 
0 
3 
0 
5 
4 
4 
4 
3 
3620 
0 
6 
7 
3015 
118 
140 
111 
133 
60 
8 
7 
6 
71 
4 
48 
6 
1439 
1115 
214 
162 
394 
1491 
Game Start 
2591 
3 
3 
0 
4 
7 
6 
5 
4 
0 
0 
4 
0 
0 
3 
0 
4 
0 
4 
0 
5 
0 
0 
3 
0 
0 
4 
5 
5 
0 
4 
0 
4 
0 
4 
0 
6 
5 
0 
4 
0 
4 
0 
6 
0 
4 
0 
4 
0 
5 
6 
4 
4 
4 
4 
5 
5 
3 
5 
4 
0 
5 
6 
4 
0 
5 
4 
0 
0 
4 
0 
4 
0 
6 
0 
3 
4 
0 
4 
4 
0 
5 
0 
4 
4 
0 
4 
5 
0 
0 
10 
0 
0 
0 
4 
7 
0 
0 
7 
5 
0 
0 
4 
0 
0 
5 
8 
7 
0 
6 
0 
0 
7 
7 
7 
6 
7 
6 
7 
0 
0 
6 
0 
7 
0 
6 
6 
0 
4 
0 
3 
0 
5 
5 
4 
2 
4 
4 
5 
6 
6 
0 
4 
7 
0 
6 
0 
4 
3 
3 
3 
0 
0 
4 
3 
0 
4 
0 
0 
0 
6 
0 
5 
0 
4 
4 
4 
4 
3 
4 
0 
4 
0 
4 
0 
4 
3 
6 
0 
4 
0 
5 
3 
5 
0 
5 
12 
5 
4 
0 
6 
0 
5 
0 
5 
4 
5 
3 
5 
0 
6 
0 
4 
4 
6 
5 
4 
0 
3 
Game Start 
10270 
4 
6 
0 
7 
5 
3 
6 
4 
4 
5 
0 
0 
4 
0 
4 
0 
3 
4 
3 
0 
3 
0 
4 
0 
4 
0 
5 
0 
5 
5 
0 
5 
6 
0 
4 
3 
0 
3 
0 
4 
0 
4 
4 
6 
0 
6 
0 
6 
4 
3 
0 
3 
0 
4 
0 
6 
0 
3 
0 
5 
0 
5 
0 
4 
0 
5 
5 
4 
5 
3 
3 
3 
5 
3 
4 
3 
4 
5 
0 
5 
0 
5 
0 
8 
0 
6 
5 
0 
5 
3 
4 
0 
4 
0 
5 
7 
4 
0 
4 
4 
3 
4 
4 
4 
5 
0 
3 
0 
4 
4 
2 
4 
0 
5 
4 
4 
5 
0 
5 
4 
4 
0 
5 
0 
5 
5 
0 
3 
0 
6 
4 
0 
4 
0 
4 
0 
5 
8 
6 
7 
7 
4 
0 
7 
0 
4 
0 
5 
