5331 
2478 
0 
215 
3 
3 
2 
4 
2 
3 
3 
191 
0 
3 
0 
3 
0 
5 
0 
5 
5 
0 
5 
5 
0 
5 
4 
7 
6 
0 
24 
5 
5 
5 
3 
3 
5 
5 
4 
6 
5 
0 
4 
6 
0 
5 
0 
3 
4 
0 
5 
0 
5 
0 
0 
3 
218 
4 
3 
0 
3 
0 
0 
3 
0 
0 
6 
5 
4 
0 
4 
0 
4 
0 
3 
0 
6 
0 
3 
0 
3 
0 
5 
6 
0 
7 
0 
2 
0 
4 
0 
6 
0 
0 
5 
3 
3 
0 
3 
0 
5 
0 
0 
5 
0 
0 
0 
4 
0 
0 
4 
0 
3 
5 
0 
5 
5 
0 
0 
4 
0 
0 
4 
0 
0 
4 
0 
0 
4 
0 
4 
6 
0 
0 
0 
6 
0 
4 
0 
4 
0 
5 
0 
6 
0 
102 
5 
0 
18 
3 
4 
5 
5 
0 
5 
3 
3 
0 
3 
4 
0 
3 
0 
35 
4 
0 
0 
0 
3 
0 
0 
4 
0 
4 
0 
0 
4 
3 
0 
4 
4 
6 
6 
6 
0 
7 
6 
0 
4 
3 
0 
4 
0 
70 
5 
0 
6 
0 
3 
0 
3 
4 
92 
0 
4 
0 
0 
0 
3 
0 
0 
3 
0 
0 
3 
5 
0 
0 
6 
0 
118 
0 
0 
5 
0 
4 
0 
4 
0 
0 
0 
8 
52 
0 
97 
5 
7 
0 
7 
0 
471 
0 
4 
0 
7 
45 
2 
0 
3 
4 
0 
5 
5 
4 
4 
0 
5 
5 
4 
0 
0 
0 
4 
0 
6 
3 
4 
0 
5 
0 
5 
0 
0 
4 
5 
8 
6 
0 
6 
8 
7 
0 
0 
0 
5 
0 
0 
4 
4 
4 
4 
3 
0 
3 
4 
9324 
4 
142 
32 
5 
7 
0 
5 
2 
0 
5 
4 
0 
0 
3 
0 
4 
0 
350 
3 
4 
3 
0 
5 
3 
0 
6 
0 
5 
7 
4 
4 
0 
4 
0 
0 
1 
0 
3 
0 
4 
0 
6 
0 
9 
6 
0 
5 
0 
0 
5 
0 
3 
60 
0 
3 
67 
5 
0 
3 
0 
5 
4 
254 
9 
3 
0 
5 
0 
5 
0 
5 
0 
4 
0 
0 
10 
4 
0 
3 
164 
3 
2 
3 
0 
0 
4 
0 
6 
7 
0 
4 
109 
3 
0 
4 
4 
0 
5 
0 
6 
5 
5 
0 
4 
4 
0 
6 
0 
0 
3 
3 
5 
3 
4 
0 
4 
0 
6 
0 
4 
0 
5 
4 
5 
4 
5 
4 
0 
4 
60 
3 
5 
0 
3 
3 
0 
3 
0 
0 
3 
0 
4 
4 
5 
0 
5 
0 
7 
0 
7 
8 
6 
4 
4 
4 
2 
4 
4 
0 
7 
0 
0 
6 
0 
0 
5 
0 
5 
0 
0 
4 
4 
5 
0 
9237 
3 
95 
6 
6 
0 
3 
0 
0 
4 
4 
0 
6 
4 
0 
0 
4 
4 
0 
0 
5 
7 
0 
4 
0 
7 
6 
20 
3 
0 
0 
3 
3 
0 
4 
0 
4 
0 
6 
5 
3 
0 
6 
0 
0 
5 
0 
6 
0 
4 
0 
5 
0 
0 
6 
0 
5 
0 
0 
5 
0 
0 
4 
0 
0 
4 
0 
5 
0 
5 
0 
0 
5 
0 
0 
0 
4 
0 
0 
5 
6 
0 
4 
4 
7 
7 
0 
4 
0 
6 
0 
3 
7 
0 
5 
0 
3 
0 
6 
491 
4 
6 
7 
6 
3 
3 
0 
4 
6 
4 
3 
5 
0 
5 
4 
0 
0 
4 
0 
5 
0 
0 
7 
0 
7 
7 
7 
15 
3 
4 
5 
5 
5 
3 
4 
4 
4 
0 
0 
6 
0 
0 
4 
0 
3 
0 
0 
4 
3 
4 
5 
5 
4 
0 
4 
0 
0 
4 
4 
4 
0 
3 
0 
5 
14 
76 
0 
4 
0 
0 
0 
4 
0 
0 
4 
0 
0 
3 
2 
0 
5 
0 
0 
4 
0 
4 
0 
755 
3 
5 
0 
7 
0 
5 
22 
32 
0 
0 
4 
5 
4 
0 
5 
3 
5 
38 
4 
0 
0 
37 
4 
3 
3 
3 
0 
0 
4 
0 
0 
3 
0 
2 
2 
0 
5 
0 
4 
0 
4 
0 
3 
0 
3 
0 
3 
0 
0 
3 
0 
0 
0 
4 
5 
4 
0 
2 
34 
3 
3 
3 
5 
6 
7 
5 
4 
3 
4 
3 
4 
3 
0 
0 
4 
198 
3 
0 
5 
0 
0 
2 
0 
0 
0 
4 
0 
4 
5 
3 
0 
5 
6 
4 
7 
2 
3 
4 
0 
3 
2 
0 
6 
0 
4 
4 
3 
3 
4 
7 
5 
5 
3 
2 
0 
5 
3 
3 
2 
0 
4 
4 
3 
5 
0 
0 
5 
0 
6 
0 
5 
9926 
608 
839 
1158 
4 
245 
5 
160 
696 
3991 
5 
0 
0 
0 
5 
0 
4 
3 
3 
0 
0 
4 
4 
3 
3 
4 
12 
4 
4 
3 
0 
0 
0 
0 
5 
3 
4 
3 
0 
0 
7 
0 
0 
3 
0 
5 
4 
3 
4 
0 
2 
0 
0 
4 
3 
0 
4 
0 
0 
5 
16 
4 
0 
3 
4 
0 
5 
4 
11 
5 
0 
0 
3 
0 
0 
5 
0 
4 
0 
3 
2 
5 
4 
0 
4 
5 
0 
5 
4 
0 
2 
0 
19 
4 
0 
3 
0 
0 
6 
6 
0 
3 
0 
3 
0 
5 
5 
0 
3 
0 
0 
5 
0 
0 
3 
5 
0 
3 
154 
4 
4 
47 
4 
4 
0 
0 
0 
3 
0 
0 
7 
0 
0 
7 
7 
6 
7 
4 
4 
3 
5 
3 
5 
6 
7 
4 
4 
2 
6 
4 
163 
0 
0 
6 
5 
4 
83 
0 
3 
0 
0 
6 
6 
4 
0 
3 
24 
4 
4 
4 
0 
0 
3 
0 
0 
3 
0 
8 
4 
152 
54 
16 
4 
4 
0 
3 
6 
0 
4 
0 
0 
5 
0 
4 
0 
4 
7 
3 
4 
4 
3 
7 
3 
3 
0 
4 
0 
3 
0 
4 
5 
3 
0 
4 
5 
0 
4 
3 
0 
3 
5 
167 
5 
0 
3 
0 
4 
6 
0 
4 
0 
3 
3 
0 
0 
7 
0 
4 
0 
4 
0 
4 
0 
4 
0 
3 
0 
4 
4 
3 
0 
4 
3 
0 
0 
5 
0 
4 
0 
0 
4 
4 
0 
4 
0 
3 
0 
3 
3 
3 
3 
4 
4 
4 
5 
3 
7 
4 
4 
5 
4 
3 
10611 
6 
61 
0 
6 
0 
0 
6 
0 
0 
3 
4 
0 
6 
0 
0 
2 
3 
0 
3 
0 
0 
3 
0 
0 
4 
0 
3 
3 
0 
18 
2 
0 
4 
0 
4 
0 
3 
0 
0 
2 
0 
27 
4 
0 
3 
0 
0 
3 
3 
3 
5 
5 
159 
4 
3 
3 
0 
4 
6 
0 
3 
0 
0 
0 
4 
0 
3 
0 
4 
0 
0 
4 
3 
2 
3 
5 
0 
0 
3 
0 
0 
0 
3 
2 
0 
0 
3 
0 
0 
4 
3 
4 
0 
3 
0 
0 
0 
4 
0 
5 
3 
0 
3 
3 
4 
0 
3 
0 
3 
0 
0 
4 
0 
0 
4 
0 
0 
5 
0 
3 
0 
6 
0 
4 
0 
3 
0 
5 
0 
0 
3 
4 
105 
4 
5 
0 
0 
0 
4 
0 
4 
72 
3 
3 
0 
4 
69 
4 
0 
251 
4 
3 
0 
0 
5 
0 
0 
4 
2 
0 
4 
7 
4 
0 
0 
3 
105 
5 
3 
4 
3 
111 
4 
4 
4 
0 
6 
0 
3 
0 
4 
3 
0 
5 
5 
0 
3 
0 
5 
7 
0 
7 
8 
7 
190 
4 
0 
0 
3 
4 
0 
6 
0 
4 
4 
3 
0 
0 
74 
0 
7 
0 
0 
6 
0 
74 
30 
110 
4 
0 
0 
0 
5 
0 
0 
4 
0 
4 
0 
3 
0 
4 
0 
3 
5 
0 
6 
94 
5 
0 
6 
5 
0 
0 
3 
0 
0 
4 
0 
0 
4 
0 
4 
0 
4 
0 
0 
5 
4 
4 
0 
4 
3 
4292 
96 
92 
149 
536 
672 
111 
