2984 
4 
680 
7291 
3 
1162 
7 
110 
1 
2 
3 
3 
3 
1882 
17 
150 
182 
166 
777 
21 
183 
530 
4 
138 
11 
20 
545 
14 
4 
4 
8 
12 
3 
1250 
22 
260 
3 
293 
204 
4 
12 
165 
3 
11 
3080 
15 
6 
46 
68 
30 
243 
69 
85 
39 
87 
85 
1276 
505 
8 
8 
13 
777 
264 
24 
91 
61 
761 
12 
8 
42 
46 
18 
25 
76 
889 
4 
15 
128 
5 
97 
35 
1177 
85 
38 
4 
4 
19 
3 
4 
22 
34 
2446 
15 
13 
4 
0 
5 
2 
4 
3 
4 
9 
275 
12 
24 
338 
13 
155 
1370 
29 
19 
7 
0 
6 
7 
7 
7 
8 
7 
8 
6 
8 
50 
674 
18 
1667 
41 
953 
34 
3 
6 
5 
6 
6 
0 
14 
14 
856 
99 
573 
3 
4 
26 
10 
55 
0 
571 
18 
10015 
851 
20 
1613 
45 
147 
10 
86 
75 
5 
11 
8 
221 
21 
6 
6 
7 
590 
39 
79 
221 
37 
41 
3056 
9 
4 
3 
16 
25 
710 
4 
3 
3 
0 
5 
4 
5 
411 
8 
232 
89 
221 
219 
489 
4 
267 
67 
8 
3 
145 
65 
31 
12 
5 
186 
35 
1784 
5 
4 
4 
0 
3 
5 
813 
25 
5 
0 
0 
6 
5 
4 
379 
44 
147 
268 
4 
5 
35 
382 
29 
43 
68 
4 
32 
501 
3 
85 
849 
551 
552 
13 
7 
246 
28 
6 
32 
1113 
132 
1578 
85 
611 
4 
111 
10 
5 
180 
112 
96 
1020 
28 
607 
1452 
383 
3 
2 
434 
284 
76 
272 
7 
3 
4 
49 
146 
38 
4 
8 
761 
14320 
352 
3 
5 
4 
3 
4 
4 
27 
40 
44 
990 
41 
8 
53 
9 
100 
565 
14 
5 
5 
6 
6 
0 
5 
119 
54 
18 
9 
361 
172 
12 
267 
5 
225 
2 
6 
4 
21 
51 
12 
713 
17 
14 
168 
22 
171 
21 
23 
5 
4 
2 
3 
4 
24 
179 
410 
459 
13 
1396 
7 
142 
66 
28 
226 
5 
7 
1325 
9 
269 
21 
243 
144 
42 
3 
4 
40 
44 
3 
191 
3 
4 
6 
4 
8 
2 
2 
76 
20 
803 
8 
42 
283 
32 
1056 
5 
159 
766 
6 
5 
1766 
297 
24 
74 
2 
22 
1155 
19 
3 
29 
5 
4 
392 
136 
2550 
8 
5 
5 
4 
4 
0 
57 
2801 
72 
60 
11 
38 
715 
11 
63 
271 
7 
3 
26 
173 
18 
101 
171 
60 
57 
5 
98 
8 
4 
59 
221 
15 
13206 
1585 
1276 
997 
4199 
301 
16 
127 
14 
7 
7 
4 
7 
344 
37 
10 
7 
436 
198 
5 
1618 
5 
5 
5 
4 
15 
3 
5 
130 
10 
15 
126 
19 
92 
26 
91 
1896 
4 
3 
22 
19 
14 
6 
30 
358 
8 
7 
113 
3 
22 
5 
161 
36 
187 
28 
14 
69 
1627 
4 
306 
0 
4 
5 
24 
288 
0 
1864 
11 
2 
4 
98 
4 
34 
42 
51 
17 
454 
296 
7 
11 
0 
8 
9 
88 
260 
186 
27 
4 
35 
12 
272 
230 
1019 
3 
3 
12 
6 
33 
1467 
0 
5 
230 
485 
950 
40 
0 
45 
57 
55 
1288 
8 
314 
954 
5 
6 
5 
6 
57 
59 
85 
62 
63 
333 
10 
49 
2323 
18 
10 
0 
7 
289 
5 
5 
5 
93 
39 
64 
23 
6 
0 
23 
5 
31 
3 
0 
6 
5 
434 
7 
14 
12 
16 
39 
17 
70 
151 
539 
22 
167 
360 
1640 
24 
119 
24 
4 
38 
7 
5 
235 
24 
121 
109 
778 
16 
4 
2 
97 
46 
0 
4 
3 
239 
413 
4 
3 
27 
23 
8 
13 
61 
765 
15 
19 
16 
7 
33 
47 
29 
80 
61 
34 
329 
32 
6 
5 
5 
19 
67 
39 
271 
64 
161 
40 
245 
91 
5456 
40 
3 
4 
118 
5 
4 
3 
12 
34 
52 
70 
71 
83 
40 
106 
54 
15 
17 
1025 
18 
2 
6 
32 
20 
5 
8 
123 
611 
60 
111 
28 
18 
18 
98 
59 
56 
8 
5 
26 
62 
2476 
59 
37 
208 
62 
66 
127 
95 
433 
78 
9 
21 
5 
6 
5 
5 
3406 
1071 
254 
380 
339 
