3358 
234 
5697 
962 
0 
2 
275 
2 
2 
3 
3 
1348 
0 
3 
0 
498 
3 
2 
6 
4 
8 
5 
5 
3 
125 
4 
0 
4 
5 
4 
0 
281 
4 
3 
4 
0 
4 
5 
4 
25 
4 
0 
482 
3 
0 
4 
0 
0 
7 
227 
0 
3 
616 
0 
169 
92 
3 
44 
4 
2 
4 
4 
4 
3 
0 
588 
4 
4 
4 
3 
4 
0 
4 
4 
4 
7 
60 
0 
6 
305 
0 
7 
7 
1161 
0 
4 
4 
0 
4 
0 
5 
0 
3 
0 
0 
4 
181 
4 
3 
4 
3 
4 
3 
160 
2 
96 
0 
3 
199 
207 
0 
0 
1795 
0 
37 
322 
4 
3 
204 
4 
238 
2 
349 
0 
439 
0 
656 
0 
5 
4 
327 
0 
4 
4 
115 
0 
3 
4 
676 
0 
4 
3 
6 
3 
5 
4 
223 
5 
0 
5 
6 
0 
1066 
504 
5 
0 
0 
3 
866 
4 
618 
407 
67 
949 
6 
7 
282 
4 
5 
8 
5 
0 
141 
135 
3 
3 
4 
0 
5 
7 
419 
3 
5 
4 
4 
5 
6 
7 
8 
6 
7 
4 
3 
4 
3 
6 
5 
4 
8 
0 
0 
270 
2 
4 
4 
4 
3 
3 
0 
5 
0 
0 
3 
0 
6 
4 
0 
0 
67 
0 
4 
5 
4 
4 
4 
5 
0 
3 
5 
0 
4 
4 
0 
3 
3 
5 
4 
3 
4 
0 
6 
0 
5 
10 
0 
5 
6 
0 
7 
0 
8 
7 
372 
3 
0 
3 
0 
124 
0 
4 
4 
560 
0 
5 
33 
3 
0 
0 
102 
230 
0 
4 
4 
524 
3 
267 
8 
77 
6 
6 
25 
4 
5 
4 
0 
4 
0 
4 
5 
0 
0 
2 
0 
0 
89 
370 
3 
1300 
4 
0 
392 
5 
3 
3 
4 
358 
5 
5 
4 
0 
6 
0 
446 
6 
4 
306 
4 
0 
4 
1114 
3 
0 
4 
4 
5 
4 
2 
4 
4 
4 
4 
4 
6 
4 
4 
5 
4 
6 
3 
4 
3 
4 
7 
3 
6 
6 
4 
4 
3 
3 
6 
4 
4 
5 
5 
4 
4 
7 
5 
0 
6 
0 
7 
91 
4 
8 
57 
5 
4 
4 
0 
0 
527 
0 
0 
443 
3 
2 
310 
4 
0 
2 
2 
0 
0 
4 
0 
5 
0 
4 
0 
4 
0 
4 
0 
5 
0 
6 
0 
8 
4 
4 
0 
4 
0 
5 
5 
124 
0 
7 
418 
3 
4 
3 
246 
0 
123 
3 
3 
4 
3 
3 
0 
0 
3 
17 
4 
0 
5 
2 
0 
5 
4 
442 
0 
18 
411 
4 
3 
2 
11 
2 
400 
0 
0 
3 
6204 
4 
307 
8 
6 
0 
38 
885 
3 
3 
3 
4 
5 
6 
4 
4245 
0 
23 
6703 
0 
1527 
75 
1622 
1049 
3 
4 
4 
327 
4 
3 
2 
3 
89 
0 
0 
234 
0 
5 
843 
0 
253 
0 
6 
730 
0 
1036 
0 
7 
5 
0 
5 
0 
0 
6 
4 
4 
0 
6 
4 
0 
4 
6 
3 
5 
530 
4 
264 
4 
4 
5 
0 
3 
5 
5 
131 
0 
5 
4 
115 
3 
3 
4 
3 
2 
4 
4 
0 
0 
4 
0 
8 
0 
7 
4 
0 
4 
4 
4 
0 
5 
336 
3 
4 
3 
0 
3 
3 
0 
4 
4 
0 
3 
29 
4 
5 
0 
0 
0 
4 
0 
4 
2 
3 
276 
3 
5 
3 
2 
4 
4 
0 
4 
0 
6 
0 
6 
7 
6 
5 
4 
0 
4 
0 
3 
6 
0 
0 
7 
8 
7 
297 
4 
5 
0 
4 
140 
0 
3 
3 
6 
4 
3 
0 
177 
4 
385 
3 
1125 
144 
5 
3 
3 
0 
0 
4 
0 
37 
0 
5 
0 
0 
4 
4 
0 
3 
35 
1188 
35 
31 
6 
8 
2963 
3 
247 
4 
670 
4 
382 
2 
431 
3 
443 
3 
697 
3 
3 
4 
4 
0 
5 
0 
3 
0 
5 
4 
5 
3 
0 
3 
4 
0 
4 
186 
0 
6 
7 
6 
0 
6 
0 
4 
0 
13 
0 
3 
6 
188 
5 
5 
6 
7 
5 
5 
4 
5 
6 
4 
6 
5 
5 
3 
4 
0 
0 
146 
5 
0 
3 
0 
141 
0 
4 
125 
0 
4 
0 
6 
0 
241 
0 
0 
5 
0 
2 
2 
0 
0 
5 
3 
4 
4 
189 
0 
6 
3 
0 
0 
246 
3 
3 
389 
5 
3 
0 
0 
217 
5 
0 
0 
3 
159 
4 
57 
5 
4 
6 
4 
0 
5 
0 
4 
0 
3 
145 
4 
4 
4 
5 
0 
0 
6 
0 
4 
3 
2 
0 
3 
0 
2 
0 
2 
5 
0 
5 
0 
3 
34 
33 
67 
4 
95 
5 
3 
4 
5 
3 
0 
5 
0 
5 
0 
0 
3 
0 
5 
5 
0 
4 
3 
3 
3 
3 
7 
0 
256 
3 
0 
4 
3 
4 
11 
3 
4 
691 
6 
2 
2 
0 
5 
0 
0 
3 
4 
353 
0 
4 
3 
147 
4 
4 
6 
5 
4 
0 
5 
188 
3 
0 
0 
234 
2 
4 
8 
24 
4 
8 
8 
0 
4 
392 
0 
0 
966 
382 
3 
1654 
0 
577 
0 
4 
228 
0 
186 
3 
62 
2 
11 
5 
22 
8 
604 
0 
4 
66 
5 
0 
0 
4 
0 
0 
537 
0 
15 
44 
0 
6 
0 
0 
4 
0 
132 
0 
4 
470 
3 
2 
131 
4 
4 
4 
3 
3 
6 
3 
0 
0 
0 
4 
0 
4 
3 
0 
0 
4 
3 
0 
3 
5 
3299 
46 
2378 
4 
3215 
0 
600 
3 
0 
274 
4 
3 
163 
0 
6 
482 
0 
3 
263 
0 
7 
427 
3 
6 
3 
224 
3 
0 
0 
5 
5 
3 
0 
4 
4 
0 
3 
0 
189 
4 
0 
4 
384 
0 
4 
616 
0 
436 
5 
3 
0 
8 
6 
317 
4 
243 
0 
3 
5 
233 
0 
3 
0 
57 
0 
503 
5 
3 
0 
5 
3 
4 
375 
0 
3 
2 
144 
5 
247 
4 
0 
5 
4 
211 
3 
0 
4 
4 
0 
6 
4 
31 
5 
7 
7 
7 
244 
4 
618 
0 
4 
0 
2 
0 
4 
6 
77 
4 
3 
4 
3 
5 
3 
4 
5 
3 
4 
5 
4 
4 
5 
3 
5 
0 
0 
4 
6 
6 
5 
85 
2 
4 
6 
6 
0 
3 
187 
0 
4 
6 
125 
6 
4 
0 
3 
306 
0 
413 
4 
5 
0 
3 
130 
4 
0 
4 
230 
4 
0 
4 
3 
4 
0 
4 
6 
125 
6 
95 
0 
5 
21 
4 
3 
0 
4 
4 
0 
3 
2 
0 
5 
4 
4 
2 
0 
4 
0 
4 
0 
4 
0 
4 
0 
3 
56 
4 
5 
225 
5 
0 
0 
5 
300 
4 
4 
0 
6 
7 
6 
8960 
0 
5 
