3379 
2 
10190 
4 
2 
300 
2 
1 
708 
2 
4 
0 
326 
2 
1349 
1386 
3 
4 
224 
4 
6 
7 
7 
8 
6 
384 
4 
3 
113 
3 
4 
3 
7 
5 
4 
3 
4 
3 
0 
0 
29 
4 
4 
3 
3 
126 
4 
5 
5 
3 
3 
206 
4 
3 
404 
0 
277 
2 
141 
0 
0 
431 
5 
5 
8 
7 
66 
2 
393 
2 
3 
4 
197 
4 
3 
5 
3 
0 
0 
456 
0 
322 
30 
15 
11 
415 
3 
3 
4 
4 
4 
5 
4 
310 
3 
4 
3 
7 
7 
7 
6 
5 
3 
4 
3 
3 
60 
34 
111 
3 
4 
3 
2 
3 
6 
0 
3 
100 
3 
0 
0 
5 
4 
0 
5 
146 
5 
3 
4 
7 
0 
477 
4 
113 
0 
112 
0 
11 
3 
5 
5 
4 
0 
5 
2 
4 
0 
3 
0 
2 
39 
4 
3 
3 
2 
4 
4 
30 
4 
4 
3 
6 
3 
4 
4 
3 
4 
3 
4 
4 
3 
3 
3 
10 
3 
4 
5 
5 
3 
4 
0 
22 
393 
4 
2 
0 
3 
0 
5 
3 
4 
3043 
350 
3 
7 
0 
43 
5 
5 
22 
4 
275 
3 
3 
0 
36 
3 
1405 
4 
34 
7 
6 
4 
3 
3 
4 
3 
4 
0 
0 
533 
5 
512 
0 
427 
101 
32 
3 
4 
0 
5 
0 
102 
3 
3 
7 
3 
4 
3 
36 
5 
5 
4 
4 
4 
3 
6 
6 
4 
5 
5 
3 
3 
4 
5 
4 
3 
0 
4 
3 
55 
4 
3 
4 
0 
4 
211 
5 
6 
26 
5 
3 
2 
0 
0 
342 
4 
5 
3 
4 
5 
3 
3 
0 
106 
8 
0 
7 
7 
107 
7 
6 
7 
282 
4 
2 
0 
5 
0 
9 
0 
0 
4 
0 
0 
3 
262 
0 
5 
4 
0 
3 
101 
0 
3 
3 
0 
0 
6 
0 
308 
4 
0 
25 
5 
152 
3 
4 
3 
0 
25 
0 
5 
151 
4 
222 
0 
245 
0 
120 
2 
0 
0 
3 
0 
249 
176 
0 
3 
0 
4 
0 
4 
0 
4 
5 
299 
2 
314 
3 
3 
2 
4 
3 
4 
2 
4 
3 
234 
0 
3 
5 
918 
5 
3 
0 
14361 
619 
302 
411 
362 
303 
1945 
4 
524 
3 
402 
3 
155 
3 
4 
0 
0 
4 
14 
400 
4 
399 
4 
0 
259 
6 
149 
3 
0 
0 
4 
4 
68 
118 
4 
0 
3 
609 
4 
88 
4 
0 
4 
0 
5 
4 
3 
191 
3 
4 
128 
5 
0 
176 
4 
4 
3 
69 
3 
0 
3 
0 
3 
146 
3 
120 
6 
4 
0 
156 
4 
40 
4 
4 
147 
4 
81 
0 
4 
4 
553 
5 
309 
4 
201 
2 
3 
5 
4 
183 
0 
0 
393 
2 
3 
0 
84 
6 
3 
5 
4 
3 
4 
5 
16 
3 
3 
5 
6 
15 
2 
4 
5 
4 
4 
3 
2 
4 
7 
4 
4 
2 
3 
4 
3 
4 
3 
5 
3 
5 
3 
2 
2 
317 
3 
3 
5 
4 
2 
5 
3 
3 
2 
2 
4 
4 
4 
2 
3 
3 
3 
3 
3 
5 
3 
3 
3 
4 
4 
3 
2 
4 
3 
3 
17 
0 
0 
0 
1525 
3 
4 
609 
89 
5111 
4 
0 
1225 
4 
4 
1565 
3 
4 
4 
4 
4 
4 
4 
4 
3 
4 
268 
3 
4 
0 
7 
0 
8 
0 
5 
0 
5 
0 
2 
0 
3 
0 
4 
0 
3 
0 
6 
0 
4 
0 
2 
0 
4 
0 
48 
4 
4 
0 
4 
0 
138 
0 
4 
0 
3 
84 
0 
5 
110 
45 
119 
0 
5 
0 
4 
219 
0 
4 
0 
177 
5 
3 
0 
3 
0 
240 
3 
6 
3 
3 
59 
48 
4 
3 
0 
4 
5 
0 
3 
2 
0 
1096 
5 
477 
6 
168 
4 
5 
2 
56 
4 
4 
3 
13 
4 
348 
4 
6 
4 
0 
0 
2 
0 
0 
60 
392 
4 
0 
4 
213 
0 
5 
3 
2 
4 
59 
3 
0 
817 
3 
4 
3 
3 
15 
4 
3 
4 
4 
75 
4 
41 
5 
216 
3 
33 
5 
12109 
2415 
4 
